,Timestamp,Latitude,Longitude,Speed,Driver,Weight,Placement,Ax,Ay,Az,Gx,Gy,Gz,Confidence,Jerk_x,Jerk_y,Jerk_z
0,0.0,45.4784847,9.232465800000002,6.03752,Davide_Conficconi,115,Deck,0.0659148920341246,0.8720386497584741,-9.804349837524397,-0.5955006400884222,2.4672495234215885,0.2449992956263456,1,,,
2456,23.615384615384613,45.4785187,9.2324767,5.267087999999998,Davide_Conficconi,115,Deck,0.0500261603970806,-0.4891336312807295,-9.790433072811506,-6.971423521827303,2.7292691693614666,0.1971876986128532,1,-0.0071166117558658,0.0169932365702037,-0.0039321424628173
2553,24.548076923076927,45.4785758,9.2324737,4.107736,Davide_Conficconi,115,Deck,0.0526242730321179,-0.3537446606861093,-9.832625847859504,0.3745228906858116,2.1911821796324578,0.1405948736535807,1,0.0052803639342225,0.0086227546108265,-0.0049498400588809
2650,25.48076923076923,45.4786248,9.232474,3.5521360000000004,Davide_Conficconi,115,Deck,0.0150647956867907,-0.3319633691482129,-9.788912283317323,0.7344322055468293,2.2147309935406145,0.0763794195701876,1,-0.0097000828519154,-0.0243846213468291,-0.0014223799953185
2749,26.43269230769231,45.47864179999999,9.2324718,1.7371759999999998,Davide_Conficconi,115,Deck,0.0222914545661164,-0.3543486314162466,-9.799398828774274,0.1689240506116598,2.289673745117552,0.1874211453966525,1,-0.0114506408379334,-0.0112419589564842,0.018380591703293
2847,27.375,45.4786397,9.2324543,0.72228,Davide_Conficconi,115,Deck,0.0591918481626391,-0.2515636252212886,-9.823446596022888,-0.0341761947446892,2.321338293339684,0.1043472990829732,1,0.0054478967988176,0.0081720243405934,0.0017186285856034
2945,28.31730769230769,45.478631,9.232435,1.00934,Davide_Conficconi,115,Deck,0.0891643091565732,-0.3450445803739449,-9.847524436446545,-1.3952140788039178,2.4090875033749266,0.1353655050131648,1,0.004742527931726,-0.0122017840850119,-0.0056992069069057
3139,30.18269230769231,45.478627,9.2324118,0.99082,Davide_Conficconi,115,Deck,-0.0211329803889608,-0.2445567485333036,-9.791656965341968,-1.7886387193068545,2.35413107813606,0.1520511120837815,1,-0.0231270549639398,0.0079346448109835,-0.0062987516597914
3235,31.10576923076923,45.4786308,9.2324025,1.135276,Davide_Conficconi,115,Deck,0.0325158919753847,-0.3252711074394914,-9.800414828119711,1.6616679159415937,2.14790832388585,0.2256051583541039,1,-0.0173064656101782,-0.0208844449756148,0.0058891354463508
3333,32.04807692307692,45.4786297,9.2324008,0.764876,Davide_Conficconi,115,Deck,-0.1194344813023111,0.5931522215001798,-9.87530061568894,-2.687076186118272,2.461515653561507,0.2407718791037583,1,-0.0466031739555407,0.0400469509982419,0.0145769699993287
3431,32.990384615384606,45.4786248,9.2324028,0.792656,Davide_Conficconi,115,Deck,0.2411195031570535,-0.1576642226231229,-9.831868089765582,-3.674680928150536,2.573799850055636,0.3218909090482826,1,-0.1224685619682678,-0.1869827080105701,-0.0613058045924255
3529,33.93269230769231,45.478621200000006,9.2323988,1.103792,Davide_Conficconi,115,Deck,0.0445299922117036,0.0428501978587351,-9.81501018368748,-0.6031511670578524,2.2094037165880698,0.0381868124272477,1,-0.000131544858257,0.0042901718951188,-0.0003675621285808
3625,34.855769230769226,45.478629,9.232401,0.6852400000000001,Davide_Conficconi,115,Deck,-0.011001603646441,-0.1579987013535806,-9.791348290971152,1.0665265046026042,2.190846535123581,-0.0091387339664681,1,-0.0006969781302799,0.0333943513229366,-0.0045511416544279
3821,36.740384615384606,45.4786455,9.2324125,0.337064,Davide_Conficconi,115,Deck,0.027340966348366,-0.0401178546944669,-9.82257563022184,-0.1141454875737553,2.2848996890772417,0.0603144822587689,1,0.0092163983807526,0.0518008377898398,-0.0031103282408277
4110,39.51923076923077,45.4786672,9.2324205,0.340768,Davide_Conficconi,115,Deck,0.1522259546951707,-0.1257394014720595,-9.839697671737303,-2.776837767011047,2.338657173053101,-0.0853279806295566,1,0.0636833824592214,-0.0484638726965773,0.0616394270428948
4306,41.40384615384615,45.4786573,9.2324188,1.003784,Davide_Conficconi,115,Deck,1.7555779895254533,0.203422592734265,-9.679240720994416,-6.221329060401416,1.9028966053191585,-8.283855934030504,1,0.4444440372281933,-0.4363919183233865,0.2022642031286032
4402,42.32692307692308,45.47864620000001,9.2324227,2.7317000000000005,Davide_Conficconi,115,Deck,1.0690945727165515,0.9150296783794292,-6.475562573574246,5.877255057361682,4.970430084243112,-19.25001765329185,1,-0.1789317958503415,-0.0682787150624784,-2.0152711213986025
4500,43.26923076923077,45.478638,9.2324367,6.650532000000001,Davide_Conficconi,115,Deck,1.0301657504435018,-0.5832763251068074,-11.038985300754616,18.27166343529452,4.583532743003872,-48.91287180740734,1,0.3164840743387065,0.9564892176839914,-2.125706287484414
4696,45.15384615384615,45.478626,9.2324915,9.617436,Davide_Conficconi,115,Deck,0.6079646382803312,-0.6318081918587174,-12.294587043852095,6.314205760073266,3.0432514253615546,-13.96640778436796,1,-0.3021980718924115,0.0795182096565179,-0.9653710494288568
4793,46.08653846153846,45.47861,9.2325187,9.987836,Davide_Conficconi,115,Deck,-0.4355712544063409,0.1032166194224656,-10.925146672122567,1.3655907846532664,1.3771764394051136,2.1473092413062966,1,-0.0265524450467941,0.7294112731414133,-0.0496280487556521
4892,47.03846153846154,45.4786002,9.2325485,10.263784,Davide_Conficconi,115,Deck,0.4400491159559161,-0.7603763194184675,-10.608428386404796,-1.4467443033121723,1.6273015768649914,2.647059114869585,1,0.5579720746928392,-0.1611315053013321,-0.6019540580608567
4989,47.971153846153854,45.478593,9.232595,11.915768000000002,Davide_Conficconi,115,Deck,0.5238283804547239,-0.5218314872872755,-10.323547749573812,1.1650072495804138,3.1484919343529087,3.899123419230956,1,-0.4841513290170951,-0.6843797547664513,-0.1007416425660867
5087,48.91346153846154,45.47860220000001,9.232643,12.521372,Davide_Conficconi,115,Deck,-0.7418736952843371,-0.3509286931666024,-10.804733629900978,-12.70242136819268,2.269380935630276,11.810162254742842,1,0.9499339292097247,-0.7111176326893598,0.0102629012331654
5281,50.77884615384615,45.4786063,9.2327648,15.94572,Davide_Conficconi,115,Deck,-0.203731757503458,-0.2020815129325893,-8.74416326228066,-3.928517581386121,1.504667197035185,5.314755590434509,1,-0.2735087773396448,0.0889625576749864,0.1090875258884391
5379,51.721153846153854,45.4786057,9.2328352,17.751420000000003,Davide_Conficconi,115,Deck,0.0439298668758573,-0.3269514169251131,-11.441146762547715,-2.6315784620509906,2.481478758368992,-1.8824980344599656,1,-0.1993052494562725,-0.5787457964060105,0.0183572964531606
5576,53.615384615384606,45.4786135,9.2329445,15.940164000000005,Davide_Conficconi,115,Deck,-0.027577442865897,0.2319461303943488,-10.07860159763344,-5.641893193527741,4.964004710247085,2.3474040789690767,1,-0.1632121060950237,0.0018241475698776,-0.5042502392978054
5676,54.57692307692307,45.4786508,9.2329915,15.614212000000002,Davide_Conficconi,115,Deck,2.1233470274930446,0.2187274732276636,-7.452242770537341,-6.2036603342966,4.929655809916115,-3.8368101331494695,1,-0.1752688836845273,0.0782859581609377,0.7286856734962779
5770,55.480769230769226,45.47864600000001,9.2330645,17.282864000000004,Davide_Conficconi,115,Deck,-0.2910203497741417,0.3031703994665603,-9.199056847174448,2.3733521833603244,1.942701615236852,-1.8788108767439944,1,-0.7081656946669987,0.1084739995670134,-0.3168596285255045
5869,56.43269230769231,45.4786602,9.2331442,19.320064,Davide_Conficconi,115,Deck,-0.0344175486000904,-1.0206737956236245,-10.468376191014574,4.723009438377135,0.6672020184053529,-3.4337402830424284,1,-0.4714239974332988,-0.0130702956003525,-0.7994973029782511
5966,57.365384615384606,45.4786188,9.2332227,20.166428000000003,Davide_Conficconi,115,Deck,0.7864775468532101,-0.055446675883736,-9.074312532093268,5.37477055764235e-05,3.150767183724496,-1.3911582189869778,1,0.0747154901663066,-0.0157263292101542,-0.3558155849026132
6066,58.32692307692307,45.4786305,9.2332685,17.669932000000006,Davide_Conficconi,115,Deck,0.6096600053096533,0.9533946390022422,-10.821465168461067,0.0003240939656712,-2.168196850924219,0.7561985129532482,1,1.0178558932435595,0.9911306782125968,-2.4878720914303205
6261,60.20192307692307,45.47864600000001,9.233407199999998,18.708904,Davide_Conficconi,115,Deck,1.355218796759814,-1.0242858789449754,-7.376444495481672,-4.201302943243449,3.9118027997169658,-4.207753451394765,1,0.191325039466585,0.2272158431410562,-0.7529595174377546
6358,61.134615384615394,45.4786378,9.2334905,19.81454800000001,Davide_Conficconi,115,Deck,-1.3058850018047805,-0.6792983578444685,-10.444471527075,-0.4224459064441466,2.6268590701149503,-2.6155496708821424,1,0.1516329863345407,0.5706698322726202,-0.3164891800563438
6456,62.07692307692307,45.4786407,9.233548,18.15886,Davide_Conficconi,115,Deck,-0.176167476236154,-0.7454099853250146,-10.170333159436996,-6.826066696406016,2.361412960701301,6.032192782299642,1,-0.1064314846402901,0.0893136280513905,-0.1415915558171647
6553,63.009615384615394,45.4786527,9.2336112,18.064408,Davide_Conficconi,115,Deck,0.7702550998520009,0.3876221080719201,-8.015249262275944,-1.6249265994682751,4.495129643723184,-0.7757262359391791,1,-0.1798903110882879,0.1251324657769292,1.4545584728463936
6748,64.88461538461539,45.478655,9.2337105,15.0475,Davide_Conficconi,115,Deck,-0.8141099957093441,-0.4016066694243052,-11.156031595472284,1.758179150163469,2.01002320527971,-12.468537679991766,1,-0.1770002539440411,0.5220440287094301,0.2018154563373428
6849,65.85576923076923,45.478664,9.2337725,15.79756,Davide_Conficconi,115,Deck,0.1104609329537492,0.4999002736709858,-9.07397110917493,11.595628257864714,0.4694677575407047,0.6702174155605416,1,-0.1891788855879382,0.7450807678542921,0.4073372804658124
6945,66.77884615384616,45.4786593,9.2338113,13.573308,Davide_Conficconi,115,Deck,-0.3213570083984872,0.3001986948383169,-11.185281926488276,-4.914385895991782,-0.063773226407247,-0.9540023805413762,1,-0.6969824354388163,-0.0218511662414916,-1.6471284912653932
7043,67.72115384615384,45.4786638,9.2338397,11.513884,Davide_Conficconi,115,Deck,-0.5165238734093339,-0.1366451955277915,-9.589206203468892,-6.544594931896688,5.620056779820547,9.468723873940718,1,-0.2506273692016866,-0.0930730507643737,-0.187543737893856
7139,68.64423076923077,45.478657,9.2338868,11.739828,Davide_Conficconi,115,Deck,-0.3908030167132274,0.3541040108412831,-9.550428319690646,-16.023296630498162,3.1081857351075293,9.266117876913563,1,-0.4305075891742985,0.1207532528712307,-0.4292767082056059
7237,69.58653846153847,45.4786623,9.2339112,9.421124,Davide_Conficconi,115,Deck,3.881992965203221,1.2342010391282832,-8.147335493708011,2.846524075767005,-5.117148606172652,-11.616717746105616,1,3.179045776290007,0.4001325285702001,1.47654950435056
7335,70.52884615384616,45.4786623,9.2339313,7.646908,Davide_Conficconi,115,Deck,-2.8080802749791034,-0.15424399345049,-10.044218684414004,4.423344533866084,-0.0344881450975411,-8.102356280258226,1,0.5299225648011756,0.0794905838810699,-0.6431113955180212
7433,71.47115384615384,45.478667,9.2339505,6.156048,Davide_Conficconi,115,Deck,1.3186672057485236,-0.1487111786879233,-10.553322514388707,9.708716632253363,11.598032675395244,-23.19711513589015,1,-0.2356954985035773,-0.0282937868051392,-0.3376893608245481
7530,72.40384615384616,45.4786693,9.2339847,6.174568,Davide_Conficconi,115,Deck,-5.344630969910863,-0.1734947519050906,-7.615750715625457,4.819814345366692,0.9271664015221276,2.06573980682074,1,0.5439600871680916,0.1497504287062763,0.7028477530150594
7628,73.34615384615384,45.47866550000001,9.2339858,1.976084,Davide_Conficconi,115,Deck,0.433181616065775,-0.5217737964977885,-9.634086319278124,0.3174068712621541,2.510158086178381,0.6227016433927162,1,-0.0798881317300124,-0.0955807273378293,-0.0630947831548685
7824,75.23076923076924,45.4786567,9.2340198,0.6019000000000001,Davide_Conficconi,115,Deck,-0.177159441885277,0.647041794867235,-9.835390183270611,0.0089643105318884,2.191720591702331,0.3591994950561821,1,0.0575409633103025,-0.0267908221162391,-0.0225478572145458
7920,76.15384615384616,45.4786585,9.2340328,0.427812,Davide_Conficconi,115,Deck,0.3037770364201723,0.835099027989025,-9.800112641975629,-5.731168527045287,2.8884997132809254,1.1751597496527362,1,-0.0465488407952584,0.0479777213141738,-0.0245483976513725
8116,78.03846153846153,45.478669,9.2340593,1.422336,Davide_Conficconi,115,Deck,-0.3967429682505776,1.4931065444955032,-10.571970830640948,-2.964463818069304,2.8260997173967857,27.40705327227889,1,0.1501660213935388,-0.1525961121308681,-0.1015612924902758
8215,78.99038461538461,45.4786588,9.2340805,2.4501960000000005,Davide_Conficconi,115,Deck,-2.7887228843618903,-0.4797331477402502,-11.188167936140973,16.16913260696008,0.7285688334451637,31.24385721335885,1,0.3342840244999841,0.4827915994135714,-0.6149032299340718
8312,79.92307692307692,45.4786455,9.234087,4.437392,Davide_Conficconi,115,Deck,2.1631295462104627,-0.2391654849402243,-9.596617824526325,-4.820611682633852,3.4565761992793016,-1.5393243197784754,1,0.7827194627530649,0.1104110560674262,-0.1827561871345829
8411,80.875,45.4786025,9.2341033,9.9545,Davide_Conficconi,115,Deck,-0.1867728877187774,-0.4884320697532183,-10.078979264394928,1.4824412305318415,4.827088972451883,9.99098966165498,1,-0.1288467784754311,-0.3861229666388705,-0.3361962871675441
8507,81.79807692307692,45.4785743,9.2341177,10.774936,Davide_Conficconi,115,Deck,-0.0306556180736705,-0.3700618481506479,-10.28900845238612,13.961510793414526,-1.0758129869960111,-6.04071443679472,1,-0.4103846105257582,0.1523047494398317,0.0264090118435351
8605,82.74038461538461,45.4785395,9.2341297,12.119488,Davide_Conficconi,115,Deck,1.5686958077298003,0.7897501616127952,-8.121647249017999,5.481033105515954,10.119236261786677,-2.988323755672104,1,0.247199600907392,0.0221280720463616,2.065345536960397
8802,84.63461538461539,45.47844170000001,9.234151,16.582808000000004,Davide_Conficconi,115,Deck,-0.4322157761655748,2.0004508571649207,-7.208723403753499,0.9093293368766956,-12.378714158420337,4.3540733985421785,1,-0.0526248516542812,0.6599453146976615,0.9480908083636964
8898,85.55769230769229,45.4783775,9.234169,19.434888000000004,Davide_Conficconi,115,Deck,-1.0889497058161703,-1.1840259482196756,-9.657113573089228,-5.247741465229347,0.6315176307618127,0.0523091094476422,1,0.2522666730233756,0.5901972900352843,1.6379859807193708
9094,87.44230769230771,45.4782513,9.2341987,21.04798000000001,Davide_Conficconi,115,Deck,-2.1347421784022926,-0.6157832391544842,-9.40139772546211,-6.2725581037834965,-3.499167601091652,2.0124467656207767,1,-1.7160539269240511,-0.2572063173314971,-2.969049572492433
9192,88.38461538461539,45.4781935,9.2342088,21.490608,Davide_Conficconi,115,Deck,2.9529309345960897,-0.1743951435756772,-2.9210638940967675,-5.124487366614508,5.951787756173665,1.9584541198254728,1,0.6643952563312463,-0.0776478075491243,2.2821997423390945
9288,89.30769230769229,45.4781357,9.2342153,21.79804,Davide_Conficconi,115,Deck,-2.4235848794114543,-0.6537939276496721,-13.618624880115284,0.0299159308221379,-1.6329918589671957,3.3469375661806504,1,-1.821110858862568,-0.663908784622645,-4.911710918585643
9386,90.25,45.4780727,9.2342253,21.838784,Davide_Conficconi,115,Deck,2.355410791556128,1.743877730388962,-9.67805655173461,-1.381660719835188,0.5437593033228278,3.517467116599021,1,1.2822049681631678,-0.3797582132685622,1.259284200826153
9485,91.20192307692308,45.4780133,9.2342298,21.999908000000005,Davide_Conficconi,115,Deck,0.9183370361709876,-1.663094021354394,-10.101472670512369,6.971333408299188,2.7840688323937326,-22.91071917047037,1,0.1191173937687924,-0.0587592705593675,1.237095915804403
9583,92.14423076923076,45.47795120000001,9.2342485,22.359196,Davide_Conficconi,115,Deck,-1.765026297929765,0.8362083031741508,-10.826551909046614,-6.628799747091397,-5.6103219493918575,3.192801466612728,1,1.292724550858212,1.1529841672812693,1.458985163086517
9679,93.06730769230772,45.47789270000001,9.2342573,22.14621600000001,Davide_Conficconi,115,Deck,4.577198793508394,1.4315324839687469,-5.986579643528441,3.44417469325972,18.066468697899875,5.2817887163409525,1,-1.3863472465814084,-1.3218425346508258,0.1521783111021877
9779,94.02884615384616,45.477833,9.2342563,21.848044,Davide_Conficconi,115,Deck,0.6781028140223571,-0.3959586931981405,-12.02602439839343,-6.182592025179992,1.2677631412920536,1.114145864909048,1,0.1246831312311033,-0.1840142849372136,-1.6276457273121103
9876,94.96153846153848,45.4777745,9.2342695,21.911012,Davide_Conficconi,115,Deck,-4.052069798488083,-2.459685866551076,-12.485329332844064,5.7630876716695285,-2.524358711733611,4.2794028751728606,1,-0.624002273247974,0.6458160904061554,-0.0594045490686792
9974,95.90384615384616,45.47772,9.2342617,22.190664,Davide_Conficconi,115,Deck,-1.4770009217986242,0.9185823927884484,-12.122871138909886,-5.457836933817672,1.1783988771918548,-0.0706849979551451,1,-0.008890974540255,-0.0643032408911697,-2.5408255348638225
10070,96.82692307692308,45.4776627,9.2342568,21.716552,Davide_Conficconi,115,Deck,-2.9037135683482096,0.2663268930996372,-9.789056652944964,-2.527289915132511,-18.605962641488446,6.322615085662664,1,-0.437187631917129,-0.1881547450061613,-0.1970675332949092
10171,97.79807692307692,45.4776003,9.2342597,21.686920000000004,Davide_Conficconi,115,Deck,0.4758338368119244,-1.1434333589024197,-9.61240593908965,3.3859658790029594,1.7220589110025748,-14.275054635303553,1,0.0216748204260756,-0.0307592034807138,-0.307419109242602
10267,98.72115384615384,45.4775362,9.2342663,22.348084,Davide_Conficconi,115,Deck,1.8830307621239009,-0.4908523278585462,-7.369165563928607,-0.101965711091986,4.391491537362853,-0.8131615546584009,1,-1.0548856371659754,-0.1102077981910571,0.4979986533505771
10365,99.66346153846152,45.4774808,9.2342492,21.88138,Davide_Conficconi,115,Deck,0.6054430146626408,0.6431972381026961,-8.107269167379274,-1.3640357062295227,-4.254211748869301,4.201660186316425,1,-0.2454445041544284,-0.1307664238792079,0.3407059484240786
10463,100.60576923076924,45.4774237,9.2342588,21.72396,Davide_Conficconi,115,Deck,1.1326106324772245,-0.4962905983415815,-10.51733134793396,6.692725780119313,2.063644761875488,-4.355180239783719,1,-0.3435009005782581,0.1514837136363925,-2.585942498368873
10562,101.55769230769228,45.4773518,9.23429,22.431424,Davide_Conficconi,115,Deck,2.510254706210094,0.95390485679276,-1.2470662072608882,-0.8796254516607522,6.127078482303102,13.115900926525931,1,0.2153612951450516,-0.5421332205532045,3.143115507677527
10658,102.48076923076924,45.4772973,9.2342897,21.253552,Davide_Conficconi,115,Deck,-0.306464172611429,2.4944154040178,-6.665326293810394,-3.3885767095775003,1.5450306538071086,11.896566496418073,1,0.7675121983391602,0.2711075349394076,2.8179885142421583
10756,103.42307692307692,45.4772435,9.2342853,19.562676,Davide_Conficconi,115,Deck,-0.5074456272002215,-1.3243870962218605,-11.643068485399215,-6.093880699208517,5.445319423371676,-3.3155179946100697,1,-0.6836037481453194,0.120650090628716,-2.462479251421806
10854,104.3653846153846,45.4771875,9.234305,18.573708,Davide_Conficconi,115,Deck,-0.4271119546067301,-1.8884103134971704,-8.273415439581711,-2.650324923329987,1.4827403870971307,-7.0185298658694695,1,-0.4932358488636922,-0.2454087000177967,0.1670813911570174
10952,105.30769230769228,45.4771407,9.2343125,17.318051999999998,Davide_Conficconi,115,Deck,0.6387348341566299,0.206287439749585,-8.616070039444375,8.845083116309661,0.1769728923015843,-0.218692320953994,1,-0.5483703851836976,0.0414216810238703,-0.4454640556276157
11048,106.23076923076924,45.4770987,9.2343093,15.406788,Davide_Conficconi,115,Deck,-3.3903014432243834,2.5805006338258787,-12.0108635661992,1.4922224057125546,3.7300218309783553,46.17884956797668,1,0.4482919008684063,-0.7696255621011789,4.637730249237559
11146,107.17307692307692,45.4770612,9.234295,14.712288,Davide_Conficconi,115,Deck,0.204235455472017,1.2595240218999724,-11.68033412740376,16.635394059409805,2.449743741560612,39.60326437172112,1,2.1684333408852936,0.5366837039795446,0.3735875146092145
11245,108.125,45.4770557,9.2342775,8.730328,Davide_Conficconi,115,Deck,2.2795546269161613,0.6032041899201345,-9.37854638285362,-11.45947649432123,9.361889680303928,36.87998326187685,1,0.0364602014300325,-0.1444359856532596,-0.0460546559523127
11343,109.06730769230772,45.4770435,9.234257199999998,7.64876,Davide_Conficconi,115,Deck,2.6586179333970468,-0.2310963798755473,-9.033344078436745,2.08302703455052,6.940322833334787,-5.326813025774329,1,0.2763978490589722,-0.0241787764429688,0.239521456886548
11439,109.9903846153846,45.4770308,9.234231,8.40808,Davide_Conficconi,115,Deck,0.177520868693997,0.7914790601619678,-9.113162216055244,-0.5400086826682782,-5.4672935646067,4.646372853300282,1,0.4413211362051879,-0.4979027697899682,0.1049240586551558
11539,110.95192307692308,45.477014,9.234207,8.902564,Davide_Conficconi,115,Deck,1.074881464111812,0.3005417478376812,-9.39964633563583,-5.1549465557537015,6.871491921609374,9.505859153807798,1,0.0602874854136579,-0.1858403066600709,0.6484323075948755
11635,111.875,45.4770163,9.2341738,9.356304,Davide_Conficconi,115,Deck,1.9054736596392727,0.9404272003969572,-7.061854492356862,-3.4791779860816283,3.933324585634941,-1.1240322122456825,1,-0.0114393503209788,-0.456864260008814,-1.09904150157975
11733,112.81730769230772,45.4770248,9.2341468,9.33408,Davide_Conficconi,115,Deck,1.5664226891534176,0.7831796108408365,-9.437730305965257,2.9834494640033795,5.89400922144557,8.509648048905461,1,0.1729570211621889,0.0930193869224982,0.5838268624109038
11829,113.7403846153846,45.477041,9.2341255,9.347044,Davide_Conficconi,115,Deck,0.6966262908191165,0.7239076737613382,-10.9033580056581,2.4583862418501305,6.218650270708418,-8.099447250237336,1,-0.3941074638986313,0.0196008688339455,-0.057863318687227
11930,114.71153846153848,45.4770503,9.234088,10.724932,Davide_Conficconi,115,Deck,-1.1727086394479742,-0.7204895732848571,-10.419814224118197,4.579931934781662,-3.0107179512660407,-10.39855707235044,1,-0.4372685434511294,0.1720085912981283,-2.6071598839903247
12025,115.625,45.4770612,9.2340567,10.469356,Davide_Conficconi,115,Deck,-0.4526755116751915,1.3338470262334925,-12.488479272186186,-8.535843817606635,1.4282465206551809,6.776809557717201,1,-0.9749461290467936,-0.2283485586943349,-1.1915452610054516
12222,117.51923076923076,45.4770553,9.234008,9.193328,Davide_Conficconi,115,Deck,-0.3078788353119529,-0.0310849831443161,-11.29392443944478,-8.503230780673345,4.58451857631466,2.430000818718141,1,-0.2172573816249423,-0.0153709775636722,-1.1625470307312913
12319,118.45192307692308,45.477062200000006,9.233982199999998,8.730328,Davide_Conficconi,115,Deck,1.2259056163943822,-0.14748081478103,-9.57410731778334,8.552228149555631,5.479931005084671,-6.293780624337907,1,-0.2008579883175036,-0.1033557359610594,1.2191626404039084
12416,119.3846153846154,45.4770672,9.2339555,8.321036000000001,Davide_Conficconi,115,Deck,2.210336197039384,0.452325630014076,-9.49962110421392,9.704964690547111,0.4218094930463217,-8.73973456742991,1,0.3328259208594042,0.0168599063895085,-0.0086350077139769
12514,120.32692307692308,45.4770662,9.2339332,7.906188,Davide_Conficconi,115,Deck,0.4123544248057385,-0.3374732032450854,-10.036486042484814,-0.1765277099794842,2.123066239121436,-1.7547907376966687,1,0.1583947533136487,-0.2346799767867054,0.6826856465943631
12613,121.27884615384616,45.4770612,9.233934,5.19486,Davide_Conficconi,115,Deck,2.062366321120716,0.4022422730615936,-8.996860396205516,1.9896835068441765,10.46788371053808,3.479836897016217,1,-0.9289254033947798,-0.2858357627651954,-0.1242924988891207
12710,122.21153846153848,45.4770458,9.2339013,6.144936,Davide_Conficconi,115,Deck,0.753299593001042,-0.2671929856999029,-10.364887108936149,2.6289743036746223,0.023596982867744,0.0749745881759089,1,0.0360381434709399,0.2559285731666115,-0.9189937685019078
12809,123.16346153846152,45.47704,9.2338808,5.559704,Davide_Conficconi,115,Deck,-1.6304138060182716,-0.5805415621357756,-8.82804062086302,-3.3253714083456734,-0.70719590352995,1.6537205751159965,1,0.1890180182208732,0.2537331279675935,0.2553318805542464
13002,125.01923076923076,45.4770532,9.2338507,4.209596,Davide_Conficconi,115,Deck,-1.089489482007909,-0.649474484054022,-10.294395420166811,-7.653489123990967,1.9387922177750787,1.351236561441875,1,-1.025293466540734,-0.048119160712385,-0.3969106007473879
13101,125.97115384615384,45.4770375,9.2338262,4.872612000000001,Davide_Conficconi,115,Deck,-2.663674423815959,-0.8166710352481191,-10.94096263244972,-2.540767455712233,-2.0450901662001746,2.921248503349373,1,-0.6970331673890855,-0.6056339528828738,-0.7659606566495379
13199,126.91346153846152,45.4770407,9.2337985,5.248568,Davide_Conficconi,115,Deck,0.2369687489643033,-0.4029734505990989,-9.159927235843137,1.7055940612719147,5.832769420131652,2.3883049978558377,1,0.0832206731343563,0.0305273427677277,0.2589462758973138
13298,127.8653846153846,45.4770478,9.233774,5.150412,Davide_Conficconi,115,Deck,0.6827310554423707,0.5744684259264659,-9.088451279287236,-0.8884412040306482,5.277624652268674,12.164698346118923,1,-0.2867603032424802,0.2165748219065163,-0.2489316454728971
13393,128.77884615384616,45.4770292,9.2337522,5.022624,Davide_Conficconi,115,Deck,-0.0510066530447334,-0.1553919634699104,-9.662539746089449,0.0299289334008805,3.153930752415949,-6.727573612996026,1,-0.2934854780766391,-0.1364368399332894,0.0894699754587673
13492,129.73076923076923,45.477018,9.2337228,5.6023000000000005,Davide_Conficconi,115,Deck,1.2638220056245282,-0.4896082384369496,-9.006549309621557,3.4915953478276336,4.960373861141067,-10.660903880706517,1,0.1714553294344134,-0.0597429213690179,1.195317247208486
13590,130.6730769230769,45.4770163,9.2337023,5.25042,Davide_Conficconi,115,Deck,-0.9657992931084872,-0.4487414217026053,-9.989915352477569,-3.5333024938354534,4.188650271325384,6.874098743166681,1,0.1088073340211036,0.0107888389313159,0.4780958599332497
13689,131.625,45.4770225,9.2336773,5.21338,Davide_Conficconi,115,Deck,-0.7603964110487875,0.2660964062798673,-12.282426121495645,-1.0368725151650715,5.1814665695018345,15.502629156911391,1,0.2711213983571292,0.2411697416576013,-1.3196583497043175
13785,132.5480769230769,45.4770185,9.2336612,4.020692,Davide_Conficconi,115,Deck,0.3199061729107245,-0.3019835243953269,-9.980464523286829,-5.5383690534584185,1.0749032279778312,0.6322460388184608,1,-0.0029482983057055,-0.068520738336031,-0.134308523170608
13883,133.49038461538458,45.477035,9.2336353,4.948544,Davide_Conficconi,115,Deck,-0.4012545420176001,0.4826423270043672,-8.276774707557685,4.2725441310546,4.189601588557299,7.760640178697322,1,-0.1956840939985228,0.1687855444058405,0.3585499563945511
13982,134.44230769230768,45.4770363,9.233608300000002,5.367096,Davide_Conficconi,115,Deck,0.7577099223161073,-0.6969903957240258,-11.902060938095586,1.7111188149376022,10.47940070748524,-4.293682510399893,1,-0.7029362651144896,-0.6092480916457861,0.1566177526326129
14079,135.375,45.4770253,9.2335633,6.619047999999999,Davide_Conficconi,115,Deck,-0.0967548714713982,-1.0757138894654066,-12.721954597235175,3.2117113726300714,-0.2970917661425041,-17.292923898678414,1,0.042132897224474,-0.0609848630694041,-2.3053712433540507
14276,137.26923076923077,45.47704,9.2334843,7.871,Davide_Conficconi,115,Deck,1.0495351407333269,-1.2025147656566084,-8.956304071959577,12.195482007196151,6.089656209152348,-8.649158396939447,1,0.0222317384183716,-0.2890498230096584,0.327786603745098
14373,138.2019230769231,45.4770437,9.23343,9.434088,Davide_Conficconi,115,Deck,-0.3039577627343093,1.4211467731873622,-8.587669096010233,-6.726149225169506,-2.8453017789664026,19.18798799666368,1,-0.0418196334497768,-0.1136169829740594,-1.1991564349072157
14470,139.13461538461542,45.477051,9.2333952,8.850708000000003,Davide_Conficconi,115,Deck,0.4586006895234844,-0.2458349957883986,-6.516943008320912,1.0097557363588323,3.116728412897,-0.3279937496348975,1,-0.1965277662259495,-0.2782124682889497,3.1676074545325315
14667,141.02884615384616,45.477076,9.2333308,7.80618,Davide_Conficconi,115,Deck,0.2618977055725393,-0.4339867055674895,-6.5615220413834425,7.601926497380159,2.1065265399849213,-4.745329102352692,1,0.2857034960159396,0.0470563579061212,1.9409222556418149
14861,142.89423076923077,45.47708529999999,9.2332733,6.663496000000001,Davide_Conficconi,115,Deck,-1.616393409909885,0.0060391918041847,-11.538364850063472,10.95303002079686,-0.4282083360029025,2.429460022383908,1,0.1491274034736152,-0.053551921729991,-0.7805852505564186
15058,144.78846153846158,45.4771053,9.233228,5.7875000000000005,Davide_Conficconi,115,Deck,-1.2103227140943824,0.249856419472524,-10.65880770074423,1.3045350448371127,-2.8964013570270137,-17.60693174122041,1,0.4234527913804402,0.8189555208648109,0.5801267281397369
15153,145.7019230769231,45.4771068,9.233200300000002,5.4819200000000015,Davide_Conficconi,115,Deck,0.2138017203461196,-0.3223174371392555,-9.152675294848027,-4.7209306948973495,6.6434224762494924,-5.324904058455566,1,-0.1966344017741956,-0.410831418774154,0.3997988349589452
15251,146.64423076923077,45.47708529999999,9.2331703,4.735564,Davide_Conficconi,115,Deck,-0.8064134356504153,0.1264676095054827,-10.748509551666617,0.3138723186020567,4.5555979298094496,-5.5336060341574935,1,-0.8231706637783782,-0.2103375203551842,-0.2009035667619638
15350,147.59615384615384,45.47707120000001,9.2331267,5.822687999999999,Davide_Conficconi,115,Deck,0.5765926099187504,-1.6519297464561336,-11.291090566804751,4.225255358058105,12.21696893993067,2.7560259608543776,1,-0.8885804003966609,-0.0194720927894038,-1.1269168145199977
15448,148.53846153846158,45.4770652,9.2330903,5.826392000000001,Davide_Conficconi,115,Deck,-0.229387586020572,0.2006685216403252,-10.100098373734353,-1.6195752990138454,2.3362272959891803,18.322321374852084,1,0.0982269705335614,-0.2372725253167313,0.4709112369563648
15545,149.47115384615384,45.4770683,9.2330637,5.233752,Davide_Conficconi,115,Deck,1.9624100282090016,0.4282421534208308,-8.237091407976699,-3.418248368913065,3.1417140073094125,-5.459381133085881,1,0.7845136236973485,0.2708179935780193,0.4941411521854437
15643,150.41346153846158,45.4770705,9.2330118,7.346883999999998,Davide_Conficconi,115,Deck,-1.1666070427216804,0.324285647860447,-10.772567296499322,-10.194809238487135,0.8944260617297797,0.3712641327294639,1,0.6591814315064319,0.5712647791568226,-0.2785480142937437
15742,151.36538461538458,45.4770695,9.2329665,7.663575999999999,Davide_Conficconi,115,Deck,1.190694060580305,-0.8687998915187373,-9.726470297975462,6.1952155400591575,3.290289422538004,4.6355771136338655,1,-0.1908862751401863,0.203581880251331,-0.0552610566704352
15839,152.2980769230769,45.4770655,9.2328992,9.654476,Davide_Conficconi,115,Deck,2.2998266089459447,-0.5626144128911117,-9.489412853773398,-2.818754863097612,7.384686801887008,-8.122716229509999,1,2.119578605613392,-0.3483710954385789,2.6639179400524573
15936,153.23076923076923,45.4770613,9.2328562,8.81552,Davide_Conficconi,115,Deck,0.5740588120116799,0.58242179478173,-9.111960772291685,-3.2188669079933385,5.8882711159705154,13.372464833695863,1,-0.3767717437876293,-0.4854251659515937,-0.24571412704708
16034,154.1730769230769,45.477066,9.23281,9.174808,Davide_Conficconi,115,Deck,-0.3744287953746971,-0.1178820672291166,-8.702917838691272,0.3485128244598368,-2.588889974352908,-6.434188189228776,1,-0.3341866061842055,-0.4374999395247921,-0.5824231153372086
16230,156.05769230769232,45.4770652,9.2327323,7.322808,Davide_Conficconi,115,Deck,-1.1771144180750832,-0.6179844672558095,-11.462408490466096,-5.7473960400598365,8.434114694677959,-12.191270129472926,1,-0.259540516811396,-0.2891229773517608,1.1356036266350298
16427,157.9519230769231,45.4770547,9.2326508,6.1301200000000025,Davide_Conficconi,115,Deck,-1.923180562184733,-0.2662950799834355,-14.690600259609273,11.025765599132647,7.700053459053974,-29.716161103765756,1,0.9921713960497984,-0.2624321035254339,4.437724932832406
16522,158.86538461538458,45.4770338,9.2326095,6.013444,Davide_Conficconi,115,Deck,1.8164865282477287,-0.3073646219361382,-8.816771703653341,-0.2785853479386025,2.9863802645602338,-10.415101240607544,1,-0.3442115473263787,-1.2028022204442546,-3.7832820338372417
16621,159.81730769230768,45.4770188,9.2325685,5.022624,Davide_Conficconi,115,Deck,-1.843593720501953,-0.7196162169310117,-11.937186417911782,-13.639773870531418,3.3347816472548133,-7.999991202060251,1,-0.2488388305987736,-0.1878804453739038,-0.2991233798541284
16719,160.75961538461542,45.4769935,9.2325358,4.272564,Davide_Conficconi,115,Deck,-3.0455601480282946,1.88459756117088,-8.301276224156231,5.813736097129331,-2.6944940875370484,-8.639478208784109,1,1.848432713699684,-0.2790453654089262,2.430333795332976
16816,161.69230769230768,45.4769773,9.232488,4.098476000000002,Davide_Conficconi,115,Deck,0.0030905967120287,0.975298065034255,-9.594563862890263,-2.137792881378757,2.2864460265550486,-0.0475161863092621,1,-0.289885786493245,-0.1218757220226701,-0.2104850436029899
17011,163.56730769230768,45.476951,9.2324013,3.087284,Davide_Conficconi,115,Deck,0.8889922117045541,1.1692131913825137,-10.530319310805623,-5.8940952626881735,2.4628171078805714,6.407745911646409,1,0.276379265791044,-0.1349401015770723,0.0577698970459472
17110,164.51923076923077,45.4769435,9.2323623,2.872452,Davide_Conficconi,115,Deck,-1.1673623587101416,3.3867907784135167,-10.544854425902814,5.481448319710712,-0.4990296808710522,45.0592159167138,1,-0.4864355951517037,-0.5558885310153259,0.204901377002507
17207,165.4519230769231,45.4769488,9.2323122,5.405988,Davide_Conficconi,115,Deck,1.255357006332538,-0.0528744775057974,-11.414302320995276,4.971161610405213,1.4349104229488607,-5.355819506678703,1,0.5302866718424033,0.2027224000330634,1.2713818010748437
17306,166.40384615384616,45.4769395,9.232264,7.998788,Davide_Conficconi,115,Deck,0.8449384752381228,-0.8071905463638875,-6.59246316872416,-4.190830422834456,8.278814033627025,12.828524119625332,1,-3.0474275303160336,-0.7104409667731023,2.362273910907909
17404,167.34615384615384,45.4769202,9.2322277,8.043236,Davide_Conficconi,115,Deck,0.3063907953971864,0.7495193845900898,-8.110922664383114,6.657620912910751,2.5294306725047058,6.011829503895978,1,0.1115038919353244,0.4626485105171502,1.5036930486475892
17499,168.25961538461542,45.4769032,9.2321777,9.830416,Davide_Conficconi,115,Deck,0.5448880736891075,-0.6769948606873465,-11.331319290259897,-1.5120753287101536,3.2697352250175915,1.4019983059246828,1,0.0117899263121603,-0.2967835513269278,-0.8220057731459338
17598,169.21153846153842,45.4768687,9.2321217,12.039852000000002,Davide_Conficconi,115,Deck,0.7936011433238592,-1.1312205053988431,-9.910253159664038,-3.1447118175823654,3.6995476536829672,-1.169027900920807,1,-0.201117163596396,0.1308301347955902,-0.8335280023385643
17696,170.15384615384616,45.476837,9.2320633,13.523304,Davide_Conficconi,115,Deck,0.3175964263174595,-0.624454783861937,-10.0534585062234,-5.443556664667431,3.186756744982972,-4.066573483547726,1,0.3540635232791921,0.3203430016229898,-0.9640307833096032
17795,171.10576923076923,45.4768268,9.23199,15.710515999999998,Davide_Conficconi,115,Deck,0.4089682933074705,-0.1581929530676754,-8.88646949433149,4.475659819326385,4.080743679236333,-3.60619626349669,1,-0.0963936104701341,0.0568684947751849,1.0919520855876022
17988,172.96153846153842,45.4767987,9.2318527,16.98284,Davide_Conficconi,115,Deck,0.5941090421539471,-0.9827823586499244,-9.60747111019573,1.5621657241542777,1.326645257847705,-3.8764447504243607,1,0.0149127759345494,0.4413610126593565,-1.849579628419692
18087,173.91346153846158,45.47679520000001,9.2317683,18.238496,Davide_Conficconi,115,Deck,-0.2549862199038474,-0.9980404513178112,-9.87612037652354,-3.134818041163113,1.8419059211856104,-7.9298456290832355,1,0.1717748734535957,-0.0120682254021411,-0.1589943752459834
18185,174.85576923076923,45.476784,9.2316922,18.532964,Davide_Conficconi,115,Deck,0.028011165903227,0.1634449938902324,-9.191351313662338,-0.3080103174240043,2.50791225872956,-0.1302960446900511,1,0.233085986709712,0.1295361784321615,0.3961164459749149
18281,175.77884615384616,45.4767963,9.2315988,19.638608,Davide_Conficconi,115,Deck,0.9568956816177544,-0.8761467079671541,-9.11027914469942,-9.02701843068585,4.764931481309502,-4.357693441104713,1,0.0594667054214964,0.4132131680514053,0.2758721719124413
18379,176.72115384615384,45.47679820000001,9.231504800000002,20.383112,Davide_Conficconi,115,Deck,-0.6288650891007204,-0.3213821300547802,-10.562154716406743,3.962024653068256,2.5219430159880414,-4.914722935115084,1,-0.2230544148565861,0.1671302916592442,-0.4645105916901127
18478,177.6730769230769,45.47681370000001,9.2314058,21.005384000000006,Davide_Conficconi,115,Deck,0.5286067582895042,0.3782127120100379,-9.791482748119758,-2.7747846560407567,3.123746237566709,-0.2531808702374194,1,0.4875437328469727,0.1385063424843444,0.0566595735361978
18576,178.61538461538458,45.4768172,9.23131,21.660992,Davide_Conficconi,115,Deck,0.415661815377593,0.5462163014246461,-9.666108472264543,3.6247693781240566,2.0714419939471345,2.7027667390449546,1,0.3878927325629229,-0.0657711840209742,0.6757713448883482
18672,179.53846153846158,45.4768307,9.2312133,21.757296,Davide_Conficconi,115,Deck,-0.2000040578111228,0.2742247697835052,-8.435833058097629,-0.4531743709087994,0.5727933652268486,0.7977128300826353,1,0.9903717951622288,0.6366853420521967,0.0831839068288768
18868,181.4230769230769,45.47683370000001,9.2310388,20.044196000000003,Davide_Conficconi,115,Deck,-1.3402236554329718,-0.3198978135492425,-10.263810172771972,2.046098567261485,2.55540314513776,-0.5220889939343705,1,0.0030086309797403,0.1134166747038407,0.1504359169041045
18965,182.35576923076923,45.4768447,9.2309573,18.860768,Davide_Conficconi,115,Deck,-0.0906443278747099,-0.799051852515255,-9.876148564802351,-4.970884525281074,4.866832200505845,-4.681545467395313,1,0.5050017055980116,-0.3116666226773284,1.04926542311075
19161,184.24038461538456,45.476849,9.2308227,15.166028,Davide_Conficconi,115,Deck,-0.9921580231443246,-0.5575207069173429,-10.065443479621328,-1.9084091302989,1.8688125583991344,3.026318984594096,1,0.1807511763190026,-0.0006882429082454,0.6249831061381528
19257,185.1634615384616,45.4768492,9.2307732,11.986144,Davide_Conficconi,115,Deck,-1.2303255340272523,-0.8690979936524179,-13.406594924762397,-14.434668754567154,1.3736470065446498,13.24943453113389,1,0.7432024676410869,-0.5717842488626952,1.257512354432215
19354,186.09615384615384,45.4768515,9.2307302,9.763744,Davide_Conficconi,115,Deck,-2.0488854231571296,-1.4645995932058968,-9.372511197590994,-1.3171233633358594,-0.8998515384813119,-10.995010132317278,1,0.1617069657244187,-0.2644596290908117,0.4256057460688609
19452,187.0384615384616,45.47685429999999,9.230705300000002,4.931876000000001,Davide_Conficconi,115,Deck,1.2469819079816469,-0.1257284705615122,-10.035340806840864,-3.54423936651506,1.2390227343105793,1.1629743641364856,1,0.1863993037269768,-0.0681159608149259,-0.3369640160188041
19743,189.8365384615384,45.4768802,9.2306667,0.2740960000000001,Davide_Conficconi,115,Deck,-0.0691104295389076,0.3135263799761105,-9.747510711155083,-6.07335591997731,2.851209008597201,0.0427224430645791,1,0.0393887486632989,-0.0075076429151896,0.0004038187770607
19840,190.7692307692308,45.4768868,9.2306558,0.211128,Davide_Conficconi,115,Deck,-0.1761530233060352,0.0425273075336767,-9.812154447980555,-4.55713520046762,2.603331786178669,0.1849203056853774,1,-0.0215105683712592,0.1045059757693733,-0.0510160076168535
19937,191.7019230769231,45.4768907,9.2306457,0.4407760000000001,Davide_Conficconi,115,Deck,0.5337257133354171,0.0387204592354094,-9.75265380356713,8.805599395001444,1.343286665812372,-0.4781147615165198,1,-0.0926456215808411,-0.2805818727422928,0.057646332265115
20035,192.6442307692308,45.47689570000001,9.230625300000002,2.6946600000000003,Davide_Conficconi,115,Deck,0.6239907886796099,-0.0113604044271319,-9.59831371766057,-5.344279156766799,2.536306118000359,7.5781106792636335,1,0.2490903292915249,0.5027051186021911,0.0351262875140392
20132,193.5769230769231,45.4768982,9.2306033,4.033656,Davide_Conficconi,115,Deck,3.1024636407657824,0.0916980095842339,-9.705657013506556,12.621895872538143,2.9770684632471687,-8.042606335158649,1,-0.2354856200771409,0.194012152178995,-0.3103614987572349
20230,194.5192307692308,45.4769053,9.2305658,7.156128,Davide_Conficconi,115,Deck,-0.8743153347446329,-0.6556006914207322,-9.50718203729421,5.279349115820587,1.712224049351565,-11.701453894567312,1,-0.0012222340641492,0.0506721441392142,0.4028859742293882
20327,195.4519230769231,45.4769078,9.2305237,9.193328,Davide_Conficconi,115,Deck,1.0625227695850987,-1.7639322002432312,-9.392379625636693,-9.760254385585936,1.539350044195884,-2.2819239941675247,1,0.7986640940143115,-0.216694964866035,1.326086001024667
20521,197.3173076923077,45.4769007,9.2304167,12.545448,Davide_Conficconi,115,Deck,1.0762870035300949,0.695648053463689,-9.892413593373483,-3.850041637484337,4.010847337874028,11.219865055286029,1,0.9042079571192838,-0.2204514731102072,0.8416255877569903
20619,198.25961538461544,45.476901,9.230357,14.245584,Davide_Conficconi,115,Deck,0.3168365355449397,0.4015454356163121,-9.962641112325128,-1.1897724951598652,4.366075397609592,6.836411547671549,1,0.5846961541895676,0.544217350650826,1.070819473109637
20716,199.1923076923077,45.476898,9.2302975,15.056760000000002,Davide_Conficconi,115,Deck,0.8001535276500422,-0.5957511069425317,-8.92119860760997,-2.880468655777672,3.8205064694327815,-0.3031105152125937,1,0.5222557593820749,-0.100701482689944,1.675177008703054
20913,201.0865384615384,45.4768855,9.2301638,17.123592000000002,Davide_Conficconi,115,Deck,0.026353584271917,-0.703610171899569,-10.081082398980612,5.844181491958244,1.535187655229704,-16.895806218296812,1,0.0589489609116308,0.3692113280224832,0.1256672719634526
21009,202.00961538461544,45.47687420000001,9.2300973,17.681044000000004,Davide_Conficconi,115,Deck,0.7055052581077078,-1.3828847348543132,-9.4888700712101,-0.2760793053308927,4.267119639595832,5.330039186092309,1,-0.2289160896622801,-0.2707114969283659,-0.2911697991032405
21203,203.875,45.4768585,9.2299587,18.119968,Davide_Conficconi,115,Deck,0.0731003439885186,0.2330116182756849,-8.429972248779602,-1.207735222324112,1.2284985359499907,-0.7353579055889723,1,-0.354625156725566,0.2633421111327543,-0.3998983400711822
21302,204.8269230769231,45.4768527,9.2298775,19.546008,Davide_Conficconi,115,Deck,-0.2826662490901068,0.3475299845842465,-10.316080169689188,-0.922314488168324,3.182158620592247,2.3914462620678405,1,-0.135058946169497,-0.2187021856964672,-0.2849962496437257
21397,205.74038461538456,45.4768628,9.2297987,19.799732,Davide_Conficconi,115,Deck,-0.2150213091820601,-0.5381351957728288,-11.501961695183796,-2.115932831556462,2.443603287224553,-5.105525495480982,1,-0.2370540806577408,0.0493286053208944,-1.5143194074850577
21496,206.6923076923077,45.4768582,9.2297325,18.738536,Davide_Conficconi,115,Deck,-0.1758698274826174,0.137926769994418,-9.265667513849694,-3.251567080293093,2.5093122906266787,4.698221187332224,1,0.1520447310555812,0.1916255565135683,0.9015839931823456
21593,207.625,45.47685720000001,9.2296523,19.721948,Davide_Conficconi,115,Deck,-0.0725125399748927,-0.1611009941982504,-9.594746905131478,-1.7719974026722165,1.6335332901069903,0.8188176900448845,1,0.25310432049864,0.2579319457230812,-0.2575502797968365
21691,208.5673076923077,45.4768713,9.2295937,18.22368,Davide_Conficconi,115,Deck,0.156555518526231,-0.4706033176970411,-9.9602953116179,-4.016112179677684,3.3227458124192264,3.341254251901621,1,0.4442219831065258,-0.2746746538770239,0.3463609116399926
21788,209.5,45.4768653,9.2295222,18.429252,Davide_Conficconi,115,Deck,0.4036208503977805,-0.8476175920185575,-9.546559241045234,-4.145941943292555,2.447459116603392,-3.9730276603720256,1,-0.1151483834641105,-0.3639470023718488,-0.1070290456505453
21885,210.4326923076923,45.4768437,9.2294598,17.782904000000006,Davide_Conficconi,115,Deck,-0.0166278736160446,-0.8143960085805515,-10.006062215880668,0.4936689088527362,1.7821235970281235,2.65967578197454,1,0.0965902285002275,-0.3460909879873121,0.1050267466725358
21981,211.35576923076923,45.4768327,9.2293943,17.805128,Davide_Conficconi,115,Deck,-0.7632468004767541,-0.5488077061363124,-10.45651575921441,-0.1696571564498756,1.1646547309245587,1.7232956039946723,1,0.0815393012638141,-0.2543970285950768,-0.0437858761704657
22080,212.3076923076923,45.4768348,9.2293262,17.629188000000006,Davide_Conficconi,115,Deck,-0.0365358962317878,-0.9395760146980942,-9.554524820102044,-1.0113251524273656,2.0033344572619867,1.9212597933376303,1,0.473014359076275,0.0583938884475243,0.8552500500229794
22177,213.24038461538456,45.47682929999999,9.229268199999998,16.634664000000004,Davide_Conficconi,115,Deck,0.7401898099678272,-0.138806289439105,-9.35183295597393,-1.1247500839488338,2.70004021489612,-1.8715884575014208,1,0.5068280961121107,-0.078987106783412,0.4066347624498814
22274,214.1730769230769,45.47681179999999,9.2291978,17.699564000000006,Davide_Conficconi,115,Deck,0.1046209237797921,-0.2789464682911088,-10.321305121385468,-3.2039765859365588,1.986433069157396,-0.1703319860222087,1,-0.0223898994551217,-0.2233711015252751,-0.3280419553469738
22468,216.0384615384616,45.4767955,9.2290348,19.820104,Davide_Conficconi,115,Deck,-0.1632420146885201,-0.8095485050938124,-9.37847473869678,-4.769296442859174,2.5403228573559744,-1.5592458438408805,1,0.0542047487977372,-0.263942978361453,1.07736100840979
22565,216.97115384615384,45.4767907,9.228958,19.644164000000004,Davide_Conficconi,115,Deck,-0.1085672829760568,-0.9473757852048548,-10.698895941739163,6.837494216564733,1.3615205645372774,-10.32871238896714,1,-0.2336821710766885,-0.5485055485928274,-0.8041611468729535
22761,218.85576923076923,45.4767758,9.2287962,20.346072,Davide_Conficconi,115,Deck,0.7187922746945776,-0.2842255198175812,-8.60103643519718,-1.0152247163513937,3.246826488305125,1.9043937085008045,1,-0.0905823222356998,-0.0561040395918304,-0.2862956295869559
22859,219.7980769230769,45.47676420000001,9.228717800000002,20.216432,Davide_Conficconi,115,Deck,0.1135940154966891,-0.118259938388507,-9.847920799726412,1.0656198335105116,2.36558663485125,1.038669917314296,1,-0.1462440250626389,0.1853223791730688,0.3593545721987077
22954,220.7115384615384,45.4767608,9.228633300000002,20.666468,Davide_Conficconi,115,Deck,0.8379725965904259,0.6373550204717119,-9.804106730221385,-0.4411749001151102,2.88850276676066,4.703624080176451,1,-0.0322841990711206,0.3234574691555746,-1.0620524510333524
23053,221.6634615384616,45.4767553,9.2285565,19.986784,Davide_Conficconi,115,Deck,0.1924087936826291,0.7224299973515902,-9.402584388628542,3.701403929435132,2.284327559254565,0.723073215874293,1,-0.0607203531930049,0.4517826423064003,-0.1731872361970854
23150,222.59615384615384,45.47676970000001,9.228469,20.777588,Davide_Conficconi,115,Deck,0.0977503766777773,-0.3081401261066113,-10.145021164905874,-2.6711215139675053,1.0064856843044332,-0.7969456216769704,1,-0.1379505323066122,0.4486177850990989,-0.4506374241541042
23248,223.5384615384616,45.4767733,9.2283927,20.27014,Davide_Conficconi,115,Deck,0.8411366108681215,1.174244149086172,-8.914171020341065,-6.5886119309720375,1.1043447066772163,10.189178046616885,1,-0.7129285375355916,-0.1222016278495465,-1.0269057350373831
23343,224.4519230769231,45.47678120000001,9.228316,19.962708000000006,Davide_Conficconi,115,Deck,0.137915805608308,-0.0637896225866488,-8.980842806680783,0.332876916510354,1.8356475990496064,2.285955920598398,1,0.135229357711608,0.0066610852816431,0.5030358724238049
23539,226.3365384615384,45.4767935,9.2281647,19.918260000000004,Davide_Conficconi,115,Deck,0.4070477765147465,0.0745651903753612,-10.195052821074407,-5.8568212649113285,2.9098180112552106,1.5565429533829171,1,0.0568403847685716,-0.0327697943812742,-0.6564320865019813
23637,227.27884615384616,45.4767912,9.228086,20.051604,Davide_Conficconi,115,Deck,0.1030850403303255,0.7612540309835601,-7.703699264304447,2.6886567618667168,4.752454251075414,-1.4145531636461852,1,0.0217883686561975,0.5335918936895933,0.0121784925839456
23733,228.2019230769231,45.4768053,9.228017199999998,19.368216,Davide_Conficconi,115,Deck,-0.3441854263243265,0.8836200554330561,-8.715280306838602,1.0705825749182298,1.6938442422767943,5.106876926266676,1,0.1614979934635651,-0.1863132841691547,0.4372555103329443
23928,230.0769230769231,45.4767885,9.2278803,18.431104,Davide_Conficconi,115,Deck,-0.2917100265076361,-0.061553118588349,-10.260216825321177,8.406577755016661,1.9623859676594588,-5.256913173916939,1,-0.2460314924068596,-0.1795565938075039,-0.8129283534392009
24025,231.00961538461544,45.47678370000001,9.2278097,18.123672,Davide_Conficconi,115,Deck,-0.3670973496151799,0.1913141517465577,-9.86088892111027,-2.372631285016377,2.631410743070853,1.3663755635006387,1,-0.0506061779081825,0.3621729786510395,-0.7020493114510664
24122,231.9423076923077,45.4767775,9.2277573,15.756816,Davide_Conficconi,115,Deck,-0.4543596974787091,-0.5570955655224886,-10.024833037929469,1.7898908284418815,2.4650612232387816,-7.060838871765746,1,0.036092095032513,0.1065765676682092,-0.314899108260656
24219,232.875,45.4767663,9.2277143,13.323288,Davide_Conficconi,115,Deck,-0.3082275270058757,-0.2547722941521763,-9.329596438164357,3.789165599533271,4.098465729271612,-3.867495601622804,1,0.0992478928346825,0.3193779994640528,0.0968420444727371
24317,233.8173076923077,45.476763,9.2276623,12.71398,Davide_Conficconi,115,Deck,1.1303112361007843,0.6159990147407755,-8.87158045316675,0.9651343590269944,1.989454635948261,9.062398464939749,1,0.4832500360123366,0.4354948691698698,0.4494407343676129
24415,234.75961538461544,45.4767667,9.2276243,10.50084,Davide_Conficconi,115,Deck,-1.284476202225867,0.2328244364897192,-10.238870993504838,-1.655908837246186,12.20450025212087,46.84381657571402,1,-0.3277254127158201,-0.0316315271525566,-0.4957937958131016
24511,235.6826923076923,45.4767657,9.2276063,7.174648,Davide_Conficconi,115,Deck,0.0155580524270042,-1.3313838697871498,-8.594370162806424,3.2502860068845267,-4.67805682081445,10.194119089577557,1,0.7686288136470611,-0.2975614560489679,1.6061705278586142
24610,236.63461538461544,45.4767855,9.2275855,3.5002800000000005,Davide_Conficconi,115,Deck,0.1188183561427339,0.8445007455402403,-9.722282518274143,3.01981526611863,0.2790331160221662,19.618594320546144,1,-0.2247824667789446,0.2604574094460252,0.0681692390029873
24706,237.5576923076923,45.4768135,9.2275445,4.785568,Davide_Conficconi,115,Deck,0.3192676740059547,1.131164936213437,-10.894811243350947,-3.130504589611496,-0.2541746818908388,24.702050817089383,1,-0.2623139964296256,0.3978262499778055,-0.8388904404702693
24804,238.5,45.47685170000001,9.2275203,7.2265039999999985,Davide_Conficconi,115,Deck,-0.8070014589307362,0.8381204342392264,-10.68943284617707,7.750829566033097,-11.109185468553855,1.1635820299258564,1,-0.7262316453853549,-0.1315381530242811,0.0769337043381437
24900,239.4230769230769,45.4768615,9.2275173,5.878248,Davide_Conficconi,115,Deck,2.165983584883658,0.4532121136990149,-7.290446623319736,-21.731246639501013,-4.272933340109502,-1.0792142309507486,1,-0.4797467086441749,0.0953446247528242,-0.3942327745830223
24997,240.35576923076923,45.4768995,9.2274867,7.402444,Davide_Conficconi,115,Deck,0.8190813628254165,-1.0675712252990923,-10.669093089162924,11.976279699622667,5.938919183887756,-9.969266769445191,1,0.1237469008190436,-0.6860662943336187,-0.5491197289267387
25193,242.24038461538456,45.4770078,9.2274435,13.919632,Davide_Conficconi,115,Deck,1.283856147932371,0.6418835125909468,-4.597154765963339,22.06563748806281,-8.290266168753391e-05,-25.38033532704503,1,0.1943540007225814,1.4583959735166696,-0.6787030020739175
25289,243.1634615384616,45.4770572,9.2274208,15.404936,Davide_Conficconi,115,Deck,-2.1157763054117007,-0.7405220087017145,-16.454634520548865,6.3363341663057176,-3.0760288859633764,-10.571302273794466,1,0.44448376563368,1.0057664243397295,1.1535876211273646
25387,244.10576923076923,45.47709520000001,9.2274102,15.204920000000005,Davide_Conficconi,115,Deck,0.6051220740482792,-0.5197972537642408,-9.904558682600262,4.887314127592376,2.6345245717869203,-5.410087137489186,1,-1.0761499575814293,-0.0876445914645459,-1.71980415753767
25485,245.0480769230769,45.477127,9.2274038,15.010460000000002,Davide_Conficconi,115,Deck,1.4203495919249665,0.6836810270930369,-9.729960774281958,6.5681836922199786,8.727416877137884,0.1297493387823856,1,0.8146113884613662,-0.5493552995975453,3.973164266133281
25582,245.98076923076923,45.4771652,9.2274017,15.066020000000002,Davide_Conficconi,115,Deck,0.6129551473099051,0.4768603217208438,-9.41484635910365,-10.321031074355092,7.210699495509357,3.9705436691285496,1,0.9693465365991222,0.3795031988317029,-0.631603379444547
25680,246.9230769230769,45.477204,9.2274108,15.312335999999998,Davide_Conficconi,115,Deck,-2.233402130693565,-0.4453595718152554,-10.713074066517034,-1.8729165538936097,2.46767711009315,-2.463354221666278,1,-0.1696786956414144,-0.02859898320768,1.3074826956559742
25776,247.84615384615384,45.4772285,9.2274288,12.945480000000002,Davide_Conficconi,115,Deck,2.3814527649223844,-0.4398252606043048,-8.024235697470107,3.4863714108782853,7.262412030597942,-8.866343078095676,1,0.5791456240232984,-1.1000840087517203,1.083379235326694
25874,248.7884615384616,45.4772765,9.2274292,13.473300000000002,Davide_Conficconi,115,Deck,0.9015078633851248,0.3780977165585012,-9.989877599952871,-0.1869522893686226,-1.5464467132129889,-3.7908726669156847,1,0.0971560931923041,0.0084838474825774,-0.9897453360558492
26070,250.6730769230769,45.477388,9.2274158,16.262412,Davide_Conficconi,115,Deck,3.756318320149133,0.3799685572366296,-8.171576544691234,-4.75785645374747,6.277707892501078,0.2594394681881136,1,0.8520052407340968,-0.1591247245594504,0.7444515158140259
26165,251.5865384615384,45.4774533,9.2274023,18.090336,Davide_Conficconi,115,Deck,0.4652847575486281,-0.8151802430584637,-11.35032498049727,1.0521526461542208,5.256656152576871,-10.909334433365927,1,0.2612250114742916,0.054903941786714,0.4609941598515146
26263,252.52884615384616,45.4775225,9.2273698,19.747876,Davide_Conficconi,115,Deck,-1.7213304644807303,-0.0597972436095208,-10.541443914592923,0.1479634849695492,4.027720050007411,-9.456685594635744,1,-0.7069048532742745,0.5984746265386266,0.5984358895258275
26361,253.47115384615384,45.4775855,9.2273112,22.251780000000004,Davide_Conficconi,115,Deck,-0.6173985788901875,-0.2237928717370409,-9.306902524468242,5.363751533068808,1.0246651710270949,6.0936089088627385,1,0.525875226410025,-0.6024206553990002,1.3441920058304753
26459,254.4134615384616,45.4776433,9.2272642,23.068512,Davide_Conficconi,115,Deck,2.219530954802236,4.717408208536517,-18.490355587294932,-1.6636587428867051,27.577225478102186,29.155674453980133,1,3.657652498077467,3.257834186685187,3.4495039731979986
26556,255.34615384615384,45.4777022,9.2272505,22.814788000000004,Davide_Conficconi,115,Deck,-0.2577361077557802,0.437293526133596,-12.408431823269234,3.1341778686510176,2.6794167792318064,7.1685709659306776,1,-0.5104451911805751,0.7799156517500623,-2.0231188921409977
26653,256.27884615384613,45.47775220000001,9.227230300000002,22.26844800000001,Davide_Conficconi,115,Deck,0.6296965874576659,0.3922764224606009,-13.327001539474375,-1.4524928606303749,5.3489437854421285,4.5794741603961855,1,-0.8885515479837933,-0.0541108924764188,-1.7539235810016882
26750,257.21153846153845,45.47781629999999,9.227221,21.781372,Davide_Conficconi,115,Deck,0.2202329777561934,-0.1245553772697544,-9.381989245955436,7.7640150797615775,0.8990332514681407,-10.722246409528749,1,0.0073841330758968,0.5155779729780745,-1.3473424384640555
26846,258.13461538461536,45.4778922,9.227217800000002,22.988876,Davide_Conficconi,115,Deck,-0.2146771302709834,-0.1630071405674344,-10.601419615198676,-5.919876676359544,2.3738220152141545,-3.384889108659193,1,-0.2102792928503863,-0.0180997990109223,-0.1901610558164428
26945,259.08653846153845,45.4779463,9.2272127,20.796108000000004,Davide_Conficconi,115,Deck,0.3273147939972824,-0.576156187521688,-10.112628491793238,2.8551544517248657,1.329844779650613,-6.199190381116103,1,-0.0222534201906479,0.0785885375808673,-0.7568205806237565
27042,260.01923076923083,45.4780075,9.2272012,21.197992000000006,Davide_Conficconi,115,Deck,0.0696097498854234,-0.4113366205407385,-10.829673769759012,0.9421572683008876,1.824843337759096,-1.7172494386917707,1,0.4230990362836792,0.0547730738445609,0.3828375042480623
27139,260.9519230769231,45.4780713,9.2271852,22.107324,Davide_Conficconi,115,Deck,-0.7064022785339865,-0.1978553291858254,-11.249975475779934,-5.107330148588144,4.361465662795276,-0.4537275033056103,1,-0.949743661859372,-0.1959434263764211,0.1131209970140574
27236,261.88461538461536,45.4781325,9.2271647,22.320304,Davide_Conficconi,115,Deck,0.981787869369822,-1.4097356127394702,-4.875100215117472,-2.594770622193823,4.8962879748611705,-0.9011149617359324,1,0.1995894364640705,0.3051164079349242,1.78105127806914
27430,263.75,45.4782518,9.227111,22.157328000000003,Davide_Conficconi,115,Deck,-0.5317877214285578,-0.8817120831983775,-11.97177294541232,2.919491567759512,3.2294593019551288,-3.259460366512373,1,-0.9436505405694882,-1.8486133907580744,0.8359660927703061
27528,264.6923076923077,45.478308,9.227077,21.827672,Davide_Conficconi,115,Deck,-1.3512052713081488,-0.0072485041256216,-8.929992884494336,0.401295322185113,-5.477032021848527,-0.6295995046021838,1,0.0734995942232901,-0.2036510211462577,-1.8681066927433088
27724,266.5769230769231,45.4783948,9.2269845,21.379488,Davide_Conficconi,115,Deck,0.1933386298597046,0.1678103992716594,-6.187285696179882,-0.9086299862303132,6.202004721875415,-1.1890837787512345,1,-0.1310840819385504,0.3311073979027579,1.6674191996116212
27819,267.49038461538464,45.47844370000001,9.2269417,21.675808000000004,Davide_Conficconi,115,Deck,-0.0417885790371066,0.6788620843841539,-11.790000096843595,0.7299815361033923,2.2569581770468985,-3.523002056376693,1,-0.4336941523590325,0.0955807392559378,0.6441000504103425
28015,269.375,45.4785458,9.226861,22.26104,Davide_Conficconi,115,Deck,0.9827626447152428,-1.835842655654283,-0.9226367129751188,2.7555723714966667,-4.723501087332514,-2.7684081888252936,1,-1.0903349887846514,-0.5692109003057553,-1.9666763811581307
28112,270.3076923076923,45.4785968,9.226824699999998,21.699884,Davide_Conficconi,115,Deck,0.1238264203676416,-0.9807833345875556,-12.104267720520618,-5.788499936747121,-1.7873704319761885,5.0401083252329455,1,-0.2891630845502827,-0.2263807871981877,0.6410533364573574
28210,271.25,45.4786465,9.226793699999998,20.384964,Davide_Conficconi,115,Deck,-1.6402892663341475,0.4396186403909708,-10.409033986285513,-4.6183585851879805,5.051672170721115,12.990089882699325,1,-0.1047841337387167,-0.0168151852862736,-1.4308039321271782
28307,272.1826923076923,45.4786958,9.2267663,20.01826800000001,Davide_Conficconi,115,Deck,-1.1739129235441803,0.1758474933149569,-8.832334601115338,-3.7369073789166256,4.9160675652910015,5.9574266186140346,1,0.5804745845449308,-0.0095289545488983,2.2296618846712946
28403,273.1057692307692,45.4787432,9.2267472,19.273764,Davide_Conficconi,115,Deck,1.5964618730339204,0.5548459351921536,-8.756508545133261,-7.834973327831534,12.95543295372198,11.00127409594522,1,2.080509413855453,0.2035038483254905,6.432010291841756
28501,274.0480769230769,45.478791,9.2267347,19.231168,Davide_Conficconi,115,Deck,-0.1285126520962758,-0.2450700094845841,-11.029833759774842,3.2093241591328265,4.974831829777909,11.324033170314657,1,0.4422826412449673,-0.0079347005712604,0.4898495765997843
28599,274.99038461538464,45.4788385,9.226726,18.786688,Davide_Conficconi,115,Deck,0.3104297113528738,0.1262971145190906,-9.372064071537446,7.775778414044442,2.3444779090748806,10.544014377952262,1,0.4789408703223896,-0.2788453388996512,-0.5305669210851907
28697,275.9326923076923,45.4788813,9.2267213,17.63104,Davide_Conficconi,115,Deck,0.1391049967244679,-0.5918200868428339,-11.151887061945375,-1.0444385696776233,2.695962097153747,0.0260866117950966,1,-0.7117443469519666,0.4426217353820677,-0.7523421525621163
28792,276.84615384615387,45.4789233,9.226723800000002,17.05692,Davide_Conficconi,115,Deck,0.289344150520796,-0.6399198827207304,-9.293509533630363,1.0337635588186749,1.6774765655117003,2.467196500531366,1,-0.2340370185650873,0.4235177639899328,-1.4243086438351584
28890,277.78846153846155,45.4789548,9.2267328,15.240108,Davide_Conficconi,115,Deck,-0.2280304344218209,-0.3555308623781563,-8.529003439063295,0.6801506766485788,3.6762580662708992,2.421535117059748,1,1.64320010440974,0.1712302735668415,1.4152994112230208
28988,278.7307692307692,45.4789798,9.226749,12.739908,Davide_Conficconi,115,Deck,-0.6914874541476823,0.0127356886200512,-11.543785589234142,5.779747641190145,3.721775685290714,-6.60057336556309,1,-0.0977188293111177,-0.2388064328947471,-0.5325656539516892
29087,279.6826923076923,45.4789992,9.2267588,10.252672000000002,Davide_Conficconi,115,Deck,-0.3048057731751899,-0.4947000826156731,-10.328742151083036,0.5983587776722126,0.2955734090248958,41.94028063990147,1,-0.2679601478364393,-0.9415302711310408,-0.0548828439508408
29182,280.59615384615387,45.4790157,9.2267752,9.071096,Davide_Conficconi,115,Deck,-1.673969945603373,-1.7187218521925125,-11.876479700179472,0.6082452035889263,-8.452004131638327,3.44963896240255,1,0.2766936330525242,0.1160223632605608,-1.7537300307640231
29280,281.53846153846155,45.4790347,9.2268095,10.29712,Davide_Conficconi,115,Deck,-3.5181782665523262,-0.057126028221126,-19.40545600902317,10.566789229472455,15.646809179325077,-12.094755058565983,1,-3.794112642421847,-0.2886562267919475,-7.906146938482032
29378,282.4807692307692,45.4790542,9.2268547,12.710276,Davide_Conficconi,115,Deck,-0.4458812093610542,-0.3400383437455147,-9.752942571305557,-1.1154282539822868,1.7552064840530397,10.889995721816472,1,-0.5130570762183451,0.1286163936723761,0.3914332727049937
29475,283.41346153846155,45.4790623,9.2268955,12.749168,Davide_Conficconi,115,Deck,0.4500084935347733,-0.1710977243492799,-8.386794863925399,-1.2799477612709669,2.751827632689876,5.233610495921295,1,0.4156560327945594,0.1275115676453339,1.3205619951595082
29573,284.3557692307692,45.4790642,9.2269445,13.410332000000002,Davide_Conficconi,115,Deck,0.3383382048865648,0.2643586205803555,-10.50496419557869,-6.86928336957912,5.522384358923262,16.595972475734037,1,-0.4439847155957286,-0.4066381192882329,-0.0644733215190811
29670,285.28846153846155,45.479072,9.2269927,13.771472,Davide_Conficconi,115,Deck,0.2746029730975833,-0.3406338518302547,-9.50260906585136,0.2743029428312487,1.7394631795296032,2.614587732422792,1,-0.1810211066054629,0.1209912340549392,-0.4473882359934596
29767,286.22115384615387,45.479069,9.227050300000002,15.504944,Davide_Conficconi,115,Deck,-0.7456734420975006,-0.0199112189564402,-10.720570533078115,-7.777366748288099,0.2306769877593711,9.161719015293464,1,-0.2469270379824353,-0.2156612601102341,-1.0640342138946297
29864,287.15384615384613,45.4790725,9.227094500000002,14.3067,Davide_Conficconi,115,Deck,0.7403474308562827,-0.5043643094045077,-8.65381093690084,-3.247716702324035,1.879575793275796,-7.819664503670353,1,0.0707300173305494,0.1449292937799196,0.300156011357716
29961,288.08653846153845,45.4790742,9.2271445,14.347444000000005,Davide_Conficconi,115,Deck,0.5930853194292471,0.4360242156411113,-9.745206487959807,2.6486015662712403,4.209747363517805,0.5542346064042939,1,-0.0787251761538165,-0.3758787169283794,-0.0269545711947003
30155,289.95192307692315,45.4790673,9.2272865,18.081076,Davide_Conficconi,115,Deck,-0.0726659418634774,0.6310994418227639,-11.176826877568285,2.057543149085054,3.0506841808318903,0.4668184004205136,1,-0.0039721336330258,0.1940668722845306,-0.2036038402105813
30253,290.89423076923083,45.4790815,9.227328,15.606804,Davide_Conficconi,115,Deck,-0.3956146511023699,0.0576525119402629,-10.651073653673096,-4.071316135029966,3.0067326297663635,1.8812757994907767,1,-0.3159009485718514,-0.0783027673709375,-0.5413036827259692
30351,291.83653846153845,45.4790965,9.2273975,16.879127999999998,Davide_Conficconi,115,Deck,-0.535391022991071,-0.5114826288421424,-11.53727979408708,1.82747745108648,2.516195364505628,0.4790725582254805,1,0.0097680155373165,-0.3392464713862761,-0.5574833740658107
30544,293.6923076923077,45.4791258,9.2275007,15.827192000000002,Davide_Conficconi,115,Deck,0.5357708473947831,-0.6153554366548476,-9.125944429612,-4.229699208347932,4.993227083211387,-2.733912026995716,1,0.2000602616093959,-0.0407547021489037,1.2717496146644116
30643,294.64423076923083,45.4791432,9.2275713,17.525475999999998,Davide_Conficconi,115,Deck,-0.1369252168891638,0.3913577256913666,-9.345490614904184,-3.109053089404937,1.7164069909554835,4.171075921318239,1,0.0628498355600856,-0.2861917595982599,0.6163882136460649
30740,295.57692307692315,45.4791493,9.227645,18.507036000000006,Davide_Conficconi,115,Deck,-0.1360517170853517,-0.4630199884700591,-8.331768668939045,-3.6252081154052056,3.79288813382774,-0.2644019840111715,1,-0.1280296848036248,-0.1055674897149922,1.2585162064593316
30837,296.50961538461536,45.47916970000001,9.2277213,19.64046,Davide_Conficconi,115,Deck,0.5751850364162117,0.2135885387625033,-9.427952847430369,-3.1311724342249696,3.832703686567776,4.374892187531839,1,-0.2495179449449232,-0.2686763245001762,-0.9393265568988144
30935,297.45192307692315,45.4791918,9.2277917,19.781212,Davide_Conficconi,115,Deck,0.4704073966725053,0.1486517022424265,-9.626100037202212,-3.0644133082743803,4.174865210006774,2.3280798255103514,1,0.1908399906695627,0.0026407509631303,0.2848895753596334
31033,298.39423076923083,45.4792222,9.2278567,19.646016,Davide_Conficconi,115,Deck,-0.0318481082304287,-0.9410351387819768,-9.986541850455426,2.270856524451012,0.8391593081015074,-8.459708526851957,1,-0.0676263122035327,-0.171252412668299,-0.6141819420347439
31128,299.3076923076923,45.479248,9.2279203,19.27932,Davide_Conficconi,115,Deck,-0.354317830058392,-1.210542010985186,-9.845437766947056,0.7868312726766518,1.1289870267251192,-1.954367554221676,1,0.46247873576364,-0.0189377498468976,-0.4101987822771172
31226,300.25,45.4792673,9.227979800000002,18.407028,Davide_Conficconi,115,Deck,-0.0182850993568571,0.4262764572453177,-9.971043574617108,-6.190356127642144,4.889003494757055,11.17882452577438,1,0.2055733188120272,0.0276879510088637,0.1595430116609169
31324,301.1923076923077,45.479288,9.2280237,16.464280000000002,Davide_Conficconi,115,Deck,0.7674817631643893,-0.7012626487818828,-9.418221271276042,-4.088923063787243,3.854738864379817,1.8802781944328268,1,-0.0322031141129897,-0.2688252175934412,-0.8987993848822491
31422,302.13461538461536,45.4793157,9.2280928,17.712528000000006,Davide_Conficconi,115,Deck,0.0825965525050898,0.1875178597100225,-9.60277289164803,-1.4901385154054174,2.221817788149565,2.413943513380901,1,0.0340711231606166,-0.033990574390767,0.0051287095201146
31517,303.04807692307685,45.4793143,9.2281717,18.597784,Davide_Conficconi,115,Deck,0.1764803500117873,-0.1992242597432592,-11.01028769227907,3.0269168095671177,3.0754244444205727,-0.608754489060102,1,0.0959160266201401,-0.1448223518729628,-0.1859922117128825
31616,304.0,45.4793338,9.228244300000002,19.19598,Davide_Conficconi,115,Deck,0.0170747351627827,-0.4507654962106086,-10.404493528342744,1.5119878894186445,2.0189929072565,0.3246743312806171,1,0.1909837134791433,0.1136168021154804,-0.3184729579247953
31810,305.86538461538464,45.4793943,9.228375,18.397768,Davide_Conficconi,115,Deck,-0.0875007753386006,1.5397008419947416,-9.669386665305112,-0.1291553273566852,2.3036412296117725,8.420115696287976,1,-0.8353851278092272,0.1428727339324225,0.0364008447434756
32004,307.7307692307692,45.479441,9.2285252,19.603420000000003,Davide_Conficconi,115,Deck,-0.1211833715937097,0.0177388793135402,-9.434761137800669,-0.3332037385830806,3.2853808802636992,5.142353896682066,1,0.1809583623702763,-0.0088224394963785,1.3564806627885524
32101,308.66346153846155,45.4794528,9.2286035,19.957152,Davide_Conficconi,115,Deck,-0.1104112070930425,0.067711706335774,-9.386084996937344,-0.431363595374215,3.67858202671898,11.223030785299112,1,0.6003390465110545,0.4134212448998785,2.216477804359821
32199,309.6057692307692,45.4794878,9.2286565,18.37184,Davide_Conficconi,115,Deck,0.0384796661496858,-0.3369497595351155,-5.937575049158128,-1.9015176949844863,1.2854987336121262,-1.279719130822147,1,0.2620651902974266,0.1473976032523579,-0.7620614840739561
32393,311.47115384615387,45.4795412,9.2287897,18.571856,Davide_Conficconi,115,Deck,0.8106301671479965,0.2919231748472334,-9.24456220799036,-4.561844353955805,2.6057300739358267,3.1759540445339502,1,-0.0817926766522181,-0.1702597680574776,-0.3163114039025725
32491,312.41346153846155,45.4795643,9.2288638,19.207092000000006,Davide_Conficconi,115,Deck,0.1560400445527589,0.0664483532939808,-10.17401763885302,-1.8998953435641333,3.2030210226236715,-0.0513718853000959,1,-0.1819743165812922,0.3232409872867704,0.1531458610080101
32590,313.36538461538464,45.4795815,9.2289337,18.78298400000001,Davide_Conficconi,115,Deck,-0.1735933225896693,0.0864095731011387,-9.109871419233498,-0.6611075657676038,-1.3965356751845688,1.4467357004812174,1,0.1507995742940134,0.0752669635013386,0.3959719519666578
32687,314.29807692307685,45.4795948,9.229,18.225532,Davide_Conficconi,115,Deck,0.7254821259254713,1.0631704329486948,-9.446245430634091,0.6643502653734266,3.7612704566416015,7.044404975067214,1,-0.0814811501264429,0.3443684544772305,0.6529133208764133
32788,315.26923076923083,45.4796375,9.229074699999998,19.744172,Davide_Conficconi,115,Deck,-1.0924357275365364,-0.6709855278474344,-9.983538056203876,1.9413596404891784,3.4253151756218854,-11.840304159934664,1,-0.1934795852721524,-0.3899009689745671,-0.3849260438538522
32883,316.1826923076923,45.4796278,9.2291338,17.531032000000003,Davide_Conficconi,115,Deck,0.5701915298384581,-0.4082099369579159,-9.149202760753706,4.626214808574964,4.8146821430746565,-3.1309898923777286,1,0.0151243970388936,0.2209714805025969,1.108234573979031
32981,317.125,45.4796338,9.2291925,16.617995999999998,Davide_Conficconi,115,Deck,-0.2078137225857744,-0.2613240436434356,-9.52363269612476,5.101474894668267,3.419491650705697,5.089985173850812,1,-0.0328115778382602,0.0884033749886192,-0.148735292872173
33077,318.04807692307685,45.4796192,9.2292657,17.456951999999998,Davide_Conficconi,115,Deck,-0.3110206370333723,-0.0794140285081932,-9.928619068430542,-1.1915664826515937,1.9689049582812208,-1.32966637528249,1,-0.0876937947856545,0.1919678403584578,-0.4456320446647037
33274,319.9423076923077,45.47962800000001,9.2293495,13.336252000000002,Davide_Conficconi,115,Deck,-0.4340051358737021,-0.7787123592244258,-9.025657462545231,-2.1798187375813143,3.2283250252819444,-5.403267548893708,1,-0.3208778135356646,-0.0218243477764159,-0.6633579610778355
33371,320.875,45.4796297,9.2293908,12.076892,Davide_Conficconi,115,Deck,-0.468392413534993,-0.1818541349546536,-10.596223816008637,7.186062848150767,3.632003203036112,2.2949363428239704,1,-0.0662591361868371,-0.1250616878785115,-0.5791302600281885
33468,321.8076923076923,45.4796203,9.2294192,9.571136,Davide_Conficconi,115,Deck,-3.0629980862360147,1.1631080121678117,-10.60389630801346,-2.3052788067277983,3.7818904922993006,29.374362419570826,1,-0.2893632210012469,0.1797178002177004,1.642340096265828
33566,322.75,45.4796048,9.2294492,7.7469160000000015,Davide_Conficconi,115,Deck,1.4855847007522909,2.1441494033197,-9.938181992535712,-20.973189800711047,15.588261453628828,53.452229042322166,1,-0.0395009869267173,0.5379094117239382,-0.0707556870931753
33665,323.70192307692315,45.4795713,9.229441,4.5762920000000005,Davide_Conficconi,115,Deck,0.3776745027431401,3.737772592158484,-10.944098136616866,-4.353307296611942,-1.9861568026449288,-0.7729577861395427,1,-1.5910524087065172,-0.0500798608977075,-1.3472484066857469
33763,324.64423076923083,45.4795575,9.229465800000002,4.702228000000002,Davide_Conficconi,115,Deck,2.306697163363174,2.0860111563028,-3.9263016044488297,-2.236078761920292,-1.03045398343279,3.1180715190396024,1,-0.4398438193251346,-0.1965808637508757,3.364560749868521
33860,325.57692307692315,45.4795333,9.229492,5.974552000000001,Davide_Conficconi,115,Deck,-0.0550994457777961,0.1298244077654524,-13.111815434030769,4.383472543018355,1.7553012737975244,10.810209259781448,1,0.2078072906765142,-0.2521445585129532,-3.1452473309150557
33960,326.53846153846155,45.47950720000001,9.2295155,6.717204,Davide_Conficconi,115,Deck,-1.83103297159796,-0.3496449833480073,-11.183415452207855,-3.7757254247310255,0.5471153459657647,-15.727080818248824,1,-0.0323706835266224,0.5726817798147519,-0.3303917130337179
34057,327.47115384615387,45.4794795,9.2295435,7.406148,Davide_Conficconi,115,Deck,-1.3199058680383648,-0.7125893851063653,-12.317220745341478,-5.443677120195757,2.7925984423574937,20.21620494833163,1,0.7925034171868741,-0.1605613169511142,5.561054703318024
34155,328.41346153846155,45.4794585,9.2295698,7.082048,Davide_Conficconi,115,Deck,1.053361680063818,1.1156160670424031,-10.846283861512587,0.5174743773130905,1.6711008876770523,27.286518308963657,1,-0.6346018625953362,-0.2702560082705245,-1.0192665622675623
34447,331.22115384615387,45.4793847,9.2296083,7.267247999999999,Davide_Conficconi,115,Deck,-0.4017892776666887,-0.2943535964271994,-8.408762235342914,0.9004063260094131,-4.784655050788364,-11.570171386634083,1,-1.456290736602614,0.3285287972606171,-2.5839814931174083
34545,332.16346153846155,45.4793315,9.229629199999998,10.6953,Davide_Conficconi,115,Deck,-0.8742096900086134,-0.6524825281755975,-12.674897703223516,6.113689868253786,-1.1959393559810998,-16.229904550035123,1,-0.7843512738291919,0.8574203682381794,-3.501565409193777
34645,333.125,45.4792895,9.2296405,11.604632,Davide_Conficconi,115,Deck,1.1854979926304603,0.2131688289507102,-7.412526060136432,-10.248272736161146,2.408468933839273,14.449232324624964,1,-0.0913652917221679,0.0129056255256235,0.0973335581825338
34744,334.07692307692315,45.4792458,9.2296482,12.326912000000002,Davide_Conficconi,115,Deck,0.1415558382616705,1.242712108268354,-8.260648757909019,-1.6857347750155531,-5.717217980227791,-5.953565858283029,1,-0.205625907640148,0.0671986754769899,-2.364292223690853
35037,336.89423076923083,45.47916970000001,9.2296978,8.854412000000002,Davide_Conficconi,115,Deck,-0.4714995279874055,-2.0957070244417166,-7.767726107635971,-5.737462385096039,5.133624143126259,-15.74363721628928,1,0.024667378139688,-0.6766006255167716,1.5465779792919567
35135,337.83653846153845,45.47915820000001,9.229727,7.641352000000001,Davide_Conficconi,115,Deck,0.3811681456476737,-0.607098283589667,-9.069180232097091,10.284133981986592,0.1544780167209323,-24.53139341489836,1,0.0432999089448901,-0.2818664284129865,0.1924392054818344
35330,339.71153846153845,45.479144700000006,9.2297875,7.182055999999998,Davide_Conficconi,115,Deck,1.434893012584393,-0.3442147733873607,-8.210259771865678,3.742136020908976,-4.962333383555497,12.529826652785433,1,-0.5648231233651198,-0.2647145356410979,1.3184897787575969
35429,340.66346153846155,45.4791303,9.2298152,6.441256000000001,Davide_Conficconi,115,Deck,1.425745634159428,-1.1985663913003106,-10.284598272657831,8.352439182782721,2.202497933802545,6.636263084149388,1,0.1483930111079137,-0.075337989092177,0.6221618530070803
35527,341.6057692307692,45.4791207,9.2298482,6.6042320000000005,Davide_Conficconi,115,Deck,0.3788900552243995,0.1027021849755636,-10.267819600075764,-2.695603339611897,1.3224102250990477,-32.79099307018471,1,-0.1101220734441411,0.0397828902606913,-0.0623172698566492
35626,342.5576923076923,45.4790987,9.2298817,6.596824000000002,Davide_Conficconi,115,Deck,1.2293783068965776,0.2395749218152955,-10.08547511834076,-3.900761778209533,6.13000728968655,24.20236851422225,1,0.3446186066350962,0.0724017366696363,-0.3327842812461679
35722,343.4807692307692,45.4790722,9.2298993,5.850468,Davide_Conficconi,115,Deck,-0.3533999501274589,0.7313725063251996,-9.6087878838911,-5.500102540588314,7.876828077604085,41.28184838650704,1,0.7945345276836338,-0.1080411585112299,0.1681069903304948
35820,344.42307692307685,45.479045,9.2299303,6.5801560000000014,Davide_Conficconi,115,Deck,-0.2746605181614502,-1.904019242758448,-9.596785083424288,3.850514530550036,10.131864530992669,-38.09136192274144,1,0.0776050956501869,0.1846049752856178,0.9979053111708752
35918,345.3653846153846,45.4790217,9.229974,8.617356000000001,Davide_Conficconi,115,Deck,-2.5738809363575967,-0.0630684695951672,-12.914903352680655,-3.986811990181235,24.65381228175556,-8.501404808054483,1,-0.2182014718327778,-0.1201987754738157,-0.6321509921747719
36017,346.3173076923077,45.47901029999999,9.2300065,7.945080000000001,Davide_Conficconi,115,Deck,-0.7207530631416705,-0.2528577193665512,-10.16075659311296,2.0108478706071,1.2590363593542129,-8.33320068576437,1,0.1532823545821469,-0.0911702068926037,0.0446541475893678
36115,347.2596153846154,45.4789852,9.230051800000002,9.535948,Davide_Conficconi,115,Deck,0.9268120510930952,0.0286459372848565,-9.501130329763075,6.799602541288178,0.6088180088388397,6.594954133577716,1,0.5430381259186107,0.3702378481248362,0.4402623846155596
36212,348.1923076923077,45.4789195,9.2300973,10.860128,Davide_Conficconi,115,Deck,0.4721383391762969,-0.5002222348774281,-10.413067004688466,-6.423797882581089,3.3754822285188064,11.490042901736008,1,0.6476875901796113,0.1037322383464964,0.6814627138358436
36408,350.07692307692315,45.4788693,9.230181,9.458164,Davide_Conficconi,115,Deck,-0.2578430873821164,-0.5194898275712215,-9.66516764379054,-0.7231401550119512,1.3585010857385722,-0.1542556836557729,1,-0.5978918683737344,-0.4465891622529271,0.1277109424842226
36506,351.01923076923083,45.4788587,9.2302162,8.804408,Davide_Conficconi,115,Deck,0.9676746598514356,-2.383589857410048,-9.152633093941692,-4.090769533646569,3.6079103562121535,-31.98828164041941,1,0.2172229157519962,-0.3604246335079271,1.1976403328727283
36700,352.8846153846154,45.47885,9.230318,11.002732,Davide_Conficconi,115,Deck,0.4256087419009473,0.9223412536403828,-11.770719932425852,-9.170662544041454,7.8822900810088194,26.1594869675932,1,-1.3872245458328831,-0.3831311544612086,-0.8218932901938505
36799,353.83653846153845,45.4788375,9.230377699999998,12.675088,Davide_Conficconi,115,Deck,0.3677270540752718,1.5071231069578093,-10.526845041911711,-3.759734228960847,5.30521181501214,16.63688630758472,1,0.0403770688959462,-0.0890671297168577,1.2568543031357515
36896,354.76923076923083,45.4788033,9.2304405,15.116024000000005,Davide_Conficconi,115,Deck,0.1934442643406572,0.3696843006534547,-10.11514712426026,-2.179973896224958,5.803626374732296,3.4573266970376464,1,0.2583604746155069,0.6427499393727086,1.950798349132933
36993,355.70192307692315,45.4787928,9.2305118,16.175368000000002,Davide_Conficconi,115,Deck,0.2979411451032719,-0.7392803596014054,-10.730814672011691,3.9353053156307207,6.2359929670504535,-2.533306158499069,1,0.520635376586424,0.109608343221333,0.5306685500615931
37091,356.64423076923083,45.4787745,9.2305733,16.069804,Davide_Conficconi,115,Deck,0.2928465287856234,-1.5572492560422782,-8.135374351999259,-7.767677352876682,8.388618538764543,5.00988431800342,1,-0.5699727780064411,-0.1792797531990244,-0.8257570867730077
37189,357.58653846153845,45.4787552,9.230611,13.369588,Davide_Conficconi,115,Deck,-0.2317865759952967,-1.0541588788453276,-11.83790119015139,6.3494851289386345,1.0745165315109704,-15.036315840731517,1,0.2685771388188281,0.4238198202233388,-0.8528017336926137
37287,358.52884615384613,45.47875120000001,9.230686,15.416048000000002,Davide_Conficconi,115,Deck,-0.049464409545074,0.5290332698588646,-12.407948925206869,4.070757939321807,-1.7839808956973895,-2.082430150171985,1,0.3425931879382852,0.4156433018732252,-2.017266799474175
37383,359.45192307692315,45.4787428,9.230752699999998,15.984612000000002,Davide_Conficconi,115,Deck,-1.172360205320732,0.7244494649380059,-10.993877437331856,-2.6425845591120884,-0.6783666546781221,2.5595375315104247,1,-0.5913767277004018,0.3129014181264108,-1.1190597247104197
37481,360.3942307692308,45.4787487,9.2308137,15.477164000000002,Davide_Conficconi,115,Deck,1.6207716265246463,-0.9050965674595342,-9.102130820549368,-5.951250230948242,6.885435677617059,-1.7041826669890163,1,1.2651960518087142,-0.1041556760335443,1.1171959894301209
37579,361.33653846153845,45.4787157,9.2308637,14.349296,Davide_Conficconi,115,Deck,-1.6610505282096386,0.4665879834285041,-13.384092393718175,12.354092487589678,-1.012142748513145,-7.566486871478813,1,-0.2517057921984089,0.2573688711985253,-0.8601394393204682
37677,362.2788461538461,45.478696,9.230922,14.347444000000005,Davide_Conficconi,115,Deck,1.8096462957429136,-0.0921790595468914,-7.381779208953532,0.3319750791825755,7.06109886906022,-11.681505827620269,1,0.1474559284114389,0.4318471560753608,2.26569411193298
37871,364.1442307692308,45.47869620000001,9.23102,12.099116,Davide_Conficconi,115,Deck,-2.00147565708468,-1.4994025782242086,-10.003616727468929,6.440265081991327,2.663982812595319,-8.813114648722511,1,-0.4920609707634105,-0.1225849506010368,1.035737828025999
37969,365.08653846153845,45.47869,9.231063699999998,10.978656,Davide_Conficconi,115,Deck,2.06928863535891,0.4122066337327622,-3.186907676634404,6.197075194361559,7.330648570341129,35.036313212026386,1,-0.7218865057812759,0.2213558853252472,5.2344439456641565
38066,366.0192307692308,45.478699,9.2311078,10.656408,Davide_Conficconi,115,Deck,-0.2542866157456185,-0.3917606331645768,-8.969851761209746,0.4885853141577021,-0.8644369969044643,-17.52305292524353,1,-0.1034075459513358,0.7653708021541787,-1.8755396379146712
38163,366.9519230769232,45.4786982,9.2311495,10.100808,Davide_Conficconi,115,Deck,-0.1529639062970892,-0.084146276592081,-11.491408556903256,-3.54520264067882,3.5990274319624973,0.4096960126409206,1,-0.1513188379615261,-0.1827605103268524,1.5812124181246323
38260,367.8846153846154,45.4786617,9.2311873,8.780332000000001,Davide_Conficconi,115,Deck,0.2174772259798655,0.1878626470919232,-13.764918353540684,0.7708654629892693,3.618836758667297,-5.280175115825641,1,-0.266338850943944,0.0620249610969771,-3.742283134482512
38359,368.83653846153845,45.4786342,9.231225,8.356224000000001,Davide_Conficconi,115,Deck,0.31172689301652,-0.045303942582213,-12.369056700006366,-1.207071445560405,4.367699963411233,3.244352379106944,1,0.3664600785918897,-0.167171007520013,-0.3968108263553916
38456,369.7692307692308,45.47862070000001,9.231282,10.03784,Davide_Conficconi,115,Deck,-0.4878326802196206,-0.8870615822066672,-11.853759468590846,-11.656356248231056,1.3126249352723731,4.13550712314384,1,1.1372258754163438,-0.8199719312853705,-1.6634808582588931
38553,370.7019230769232,45.478622,9.2313445,11.795388,Davide_Conficconi,115,Deck,1.553984093060542,-0.0551959437235442,-9.098457574476823,9.168490792637265,2.8378257071754773,-8.359304218593875,1,-0.0824633377727936,0.2143165392824588,-1.7127077174803569
38651,371.6442307692308,45.478606,9.2313913,11.282384000000002,Davide_Conficconi,115,Deck,-1.0001946219505362,-0.2617213296840756,-10.547934698711726,-5.38571784924113,0.7586038694263242,4.800813036987745,1,-0.2801699487334324,0.3847494507297655,0.3951522848282583
38750,372.5961538461538,45.4785872,9.2314255,9.560024000000002,Davide_Conficconi,115,Deck,-0.2810428214681654,1.2303819689408992,-10.905824206610388,-0.5373483602820666,3.749034954994766,2.14391883614078,1,0.3280215458675535,0.5270512975796792,-1.3769739033228952
38848,373.5384615384616,45.47858370000001,9.2314565,8.367336,Davide_Conficconi,115,Deck,-0.5248533902375745,-0.8949719942426874,-7.244048796581817,8.105937584366504,3.935697388604101,-11.588980159761023,1,0.3637551119344579,0.1247248277326934,2.9802302929399533
38944,374.46153846153845,45.4785862,9.2314942,8.215472,Davide_Conficconi,115,Deck,0.2436397521493313,-0.4070131623311702,-8.44451504218312,-7.039705627734008,2.9531642560647584,-4.0902809201883565,1,0.0849057860287897,-0.0790595824026328,0.3490350983405612
39041,375.3942307692308,45.47859620000001,9.2315435,9.369268,Davide_Conficconi,115,Deck,-0.6843675078520401,-0.8509748175250883,-9.411264785115833,-2.4163347581306334,1.0104197367449772,-3.5735372922347497,1,0.7954737314920546,-0.2176688048131164,1.0827620287396744
39140,376.3461538461538,45.47858950000001,9.2315943,9.68596,Davide_Conficconi,115,Deck,-1.2047643931486394,-1.5627985056617666,-10.313425573057373,-8.330321803924832,4.580429848545854,-0.1366349394801043,1,-0.160621349473411,-0.6830802652685768,1.200790407152903
39237,377.2788461538461,45.4785798,9.23163,8.074720000000001,Davide_Conficconi,115,Deck,-1.7547137516478153,0.5343373121647449,-10.244272965073629,-2.656750472621467,1.7857203651439717,-9.256550115993535,1,-0.3100436466159322,0.6146781759313424,-0.9401820064576256
39334,378.21153846153845,45.4785848,9.2316962,4.031804,Davide_Conficconi,115,Deck,-7.709293625651759e-05,0.660212851125349,-9.96500407336193,-17.674043853553613,6.202852291677374,-15.665236166838898,1,-0.0133730285708936,-0.0291804777580115,0.3294510013901455
39432,379.1538461538461,45.4785867,9.2317502,3.566952,Davide_Conficconi,115,Deck,0.3180624745905778,1.962379682035312,-8.733449468957982,-2.6203852576554945,0.5916635194446931,21.417730765106448,1,0.1681477405033873,0.2302063271935799,0.3646205723139051
39530,380.0961538461538,45.4785797,9.2318077,2.9057880000000003,Davide_Conficconi,115,Deck,-0.2347489481078567,1.0327036823722315,-10.162522483781885,-6.925212889672268,2.261666574482152,8.108980383368039,1,-0.0225000436566886,0.0418355437517634,0.1443287933341057
39822,382.9038461538461,45.47860770000001,9.231843,2.9687560000000004,Davide_Conficconi,115,Deck,0.0050863948249367,1.7694466773229969,-9.638885294385087,-0.6639591912659704,2.344246246045695,0.0459701206519866,1,0.0212874434452207,-0.003322722382608,-0.0005640388408281
39921,383.8557692307692,45.4786167,9.2318472,2.159432,Davide_Conficconi,115,Deck,0.0557801061627856,1.896314727398,-9.654904836857302,-5.15789849390487,2.7922226740752727,0.2310828543844065,1,0.0106550705376696,0.0359527773549013,-0.0058814354351088
40191,386.4519230769232,45.478639,9.231869,2.42612,Davide_Conficconi,115,Deck,0.0371906380763041,1.614064840444407,-9.632008807051596,-0.7705062577687278,2.4497537435874204,0.656256378853314,1,-0.0132097910630711,-0.0140158734364226,0.0587661716345682
