,Timestamp,Latitude,Longitude,Speed,Driver,Weight,Placement,Ax,Ay,Az,Gx,Gy,Gz,Confidence,Jerk_x,Jerk_y,Jerk_z
0,0.0,45.4793375,9.232211,52.237512,Fosco_Cancelliere,82,Deck,-0.0367752248789802,-0.9824221126886464,-9.732539507553602,0.6732490565456928,2.187250457224517,0.0962497296503608,1,,,
6906,66.40384615384616,45.47936970000001,9.2321828,47.733448,Fosco_Cancelliere,82,Deck,2.0421646263364828,0.3337755940082552,-11.36284796106414,10.169188410024953,-0.2852950538891994,2.2255240244155567,1,-0.080259802780493,-0.1753927712615587,1.0619275286623413
7006,67.36538461538461,45.4793547,9.2321745,35.608404,Fosco_Cancelliere,82,Deck,2.5691664331238666,-0.1660927241084606,-10.313563049277386,8.094982961975646,3.771845081248159,-23.47823331103941,1,0.1750902843079544,0.0520581412047224,-0.3527841826911366
7103,68.29807692307692,45.4793827,9.2321607,41.108844,Fosco_Cancelliere,82,Deck,-0.1396925699164841,1.3262180396408396,-9.883159960648698,-1.3791522632032318,1.4561980254413944,15.103903881269614,1,0.214128676758301,0.5130036767759807,-0.9867341918840964
7201,69.24038461538461,45.47941470000001,9.232130499999998,40.701404,Fosco_Cancelliere,82,Deck,1.0691265570720292,0.7203158933897468,-11.4384780892662,9.862799206977613,-0.7586464444405409,9.166265576339155,1,0.7226236645121366,-0.0913487796265937,-0.3666992363417023
7299,70.18269230769229,45.47945,9.232107699999998,41.07736,Fosco_Cancelliere,82,Deck,1.045340951312137,-0.4635518188661739,-9.27876378651186,5.159775053495551,3.923903567597576,-14.22471619234146,1,0.5590652604146553,0.0452283646955178,1.9758026323457865
7398,71.13461538461539,45.4794768,9.2320828,39.110536,Fosco_Cancelliere,82,Deck,-0.1957058900808651,0.7557767592262769,-9.48907967826506,3.1156600039157767,3.0479760777200475,3.3265006518605267,1,-0.3532976024400218,-0.0716660068147037,-0.3121443871292868
7494,72.05769230769229,45.4795023,9.2320522,37.49374,Fosco_Cancelliere,82,Deck,-1.7954525853262964,0.6522796643155547,-10.795944552196133,5.033597079848296,0.9088192874727464,5.910754061979832,1,-0.1934109003117372,0.1157700006145138,-0.9021565903971284
7594,73.01923076923076,45.4795285,9.232026199999998,36.82516800000001,Fosco_Cancelliere,82,Deck,-0.0830185383094574,0.2876025372815407,-11.026808682387523,-10.503601010741226,2.0810902232205915,20.57505821431329,1,0.3515953036554477,-0.058579328640472,-0.2082900558511138
7690,73.94230769230771,45.47956129999999,9.2320112,36.5307,Fosco_Cancelliere,82,Deck,-0.3072174250123535,1.4338748505029988,-9.266097788877516,2.890109061109845,-1.0651528551698233,11.365511133617256,1,0.1258505342909517,0.0611655767309602,0.6968119572989977
7790,74.90384615384616,45.4795765,9.2319983,35.123180000000005,Fosco_Cancelliere,82,Deck,-0.2583088419008861,0.9824696892858352,-10.187904300727244,9.374904732499251,0.3273962387135585,2.80154255438707,1,0.0818018665023615,0.0321314047064196,-0.1625156072918017
7888,75.84615384615384,45.47951079999999,9.2320353,33.763812,Fosco_Cancelliere,82,Deck,0.0098988841760506,1.2539732889167352,-9.75320785118647,0.0857083491640193,2.251556599622666,0.1167978604886315,1,-0.0202358599986325,-0.0045177948920276,-0.0166248411073208
7986,76.78846153846153,45.4794682,9.2320567,31.461776,Fosco_Cancelliere,82,Deck,0.0347641793186729,1.22211650994619,-9.754149039833292,-0.8077437024816603,2.2997683457817253,0.0086737413928039,1,0.0020214597922334,0.0001499236886091,-0.0065282753133768
8083,77.72115384615384,45.4794505,9.2320603,29.370868000000005,Fosco_Cancelliere,82,Deck,0.0395692445572103,1.1253450741488231,-9.731822831147316,-0.7479744315229895,2.2872657766711346,0.1067654378744231,1,0.0108356204957504,-0.0021500721565421,0.0112348832596396
8183,78.68269230769229,45.4793973,9.2320818,26.896596,Fosco_Cancelliere,82,Deck,0.0580035946927991,1.1130203883246428,-9.73326288880277,1.4328281343027824,2.1392232913397287,0.0142272920863524,1,-0.0011309960897357,-0.0030775077287266,0.0064976571758919
8279,79.60576923076924,45.4793428,9.2321125,26.05764000000001,Fosco_Cancelliere,82,Deck,-0.0306018430682553,1.0557963791653786,-9.752356237739432,1.051519542603907,2.100570828920554,-0.1441523107805311,1,0.0004473321381783,-0.0096315985538983,-0.0014689338459792
8378,80.55769230769229,45.4792938,9.232125300000002,22.633292,Fosco_Cancelliere,82,Deck,0.0605871528222049,0.9325865772038524,-9.768368466068264,-0.4373940325531915,2.2972910022545587,0.0138337956688277,1,-0.0007031116902739,0.0070716748083163,0.0012955914606038
8476,81.5,45.4792593,9.2321315,20.94612,Fosco_Cancelliere,82,Deck,0.1052514280264917,0.7690206602144704,-9.770855668983945,-0.6353644147301636,2.2944118870637222,0.0100141327717633,1,-0.002571102007193,-0.0070326122681723,-0.0013803137505163
8671,83.375,45.4791772,9.2321505,17.656968,Fosco_Cancelliere,82,Deck,0.0517136602950281,0.9006643996238576,-9.779495183083746,0.3770094165679616,2.205767949533384,0.0892240560896011,1,0.0013184012538955,-0.0018697018556166,-0.0051957907572415
8867,85.25961538461539,45.4791453,9.2321467,15.453088,Fosco_Cancelliere,82,Deck,0.0438085344198069,0.8256243333199514,-9.780515754395648,0.9892235047469928,2.1268466220080824,0.1560009125574568,1,-0.0155421265929834,-0.000823898946993,-0.0042750911378082
8966,86.21153846153847,45.4791348,9.2321478,14.886376000000002,Fosco_Cancelliere,82,Deck,0.0129835768378061,0.940988902810359,-9.780007762992732,0.1479276589367844,2.1370508725982345,0.0265716889437204,1,0.0007993020208544,0.0217459586156497,0.0017742493121968
9064,87.15384615384615,45.4791153,9.2321452,13.554788,Fosco_Cancelliere,82,Deck,0.0139791077597331,0.8871016383862528,-9.75631002352068,-0.0300403430078546,2.076464606545586,0.0231309065536349,1,-0.007820805603753,-0.0017585287556231,0.0155700820477768
9162,88.09615384615385,45.47907429999999,9.2321533,11.7139,Fosco_Cancelliere,82,Deck,0.1506799884622259,0.8987298177851883,-9.760642881765774,0.7242712228498167,2.1818084055581592,-0.2164858636700276,1,0.0043247031612616,-0.0017804644346471,0.0167318125890219
9359,89.99038461538461,45.479038,9.2321702,10.4175,Fosco_Cancelliere,82,Deck,0.0640248229611954,0.8241916293978505,-9.758752482431078,-0.532679561741062,2.2963507817652937,0.0965518002668028,1,0.0053039630722511,-0.0232215285411902,0.0086104113125138
9456,90.92307692307692,45.4790567,9.2321658,10.347124,Fosco_Cancelliere,82,Deck,0.2196250844339442,1.2164489100421432,-9.711614713981543,2.1107181495940366,1.716606614078918,3.0910006182154897,1,-0.0015064986866904,0.0908698193258983,0.09158668539858
9751,93.7596153846154,45.4789822,9.2322095,8.206211999999999,Fosco_Cancelliere,82,Deck,-0.3487439271390953,1.64367659819554,-7.675853008511889,-0.3227252696645944,-1.5406903936431284,46.2331356841954,1,-0.1341130025792362,0.295798026156894,-0.2224477404900051
9948,95.65384615384616,45.47891679999999,9.2322435,7.18576,Fosco_Cancelliere,82,Deck,0.0831132219404698,2.1360245204383053,-9.630530841731966,-1.1629948982430247,2.126931243841539,1.412460487887082,1,-0.0176069970077528,-0.0130370450816363,-0.0086346324760899
10044,96.57692307692308,45.47889179999999,9.2322525,6.7005360000000005,Fosco_Cancelliere,82,Deck,0.239044247393211,2.263314835508266,-9.6465492619859,-0.6030622081448453,2.3197773602527527,0.0599187758397645,1,0.0037695086180943,0.0141904352935675,0.0010480466176367
10241,98.47115384615384,45.4788685,9.2322488,6.170864,Fosco_Cancelliere,82,Deck,0.0345913059798899,1.9608981573805728,-9.656318522764868,1.0463293255621422,2.318444709265387,-0.8655984229521323,1,0.0015658232222692,-0.0367476173336172,0.0489245450886546
10339,99.41346153846152,45.4788362,9.2322567,5.002252,Fosco_Cancelliere,82,Deck,0.3020412444454156,2.044067543988892,-9.64806968642736,-2.955777681171261,2.6538740880315093,-0.2631203834539866,1,-0.0258197148561361,-0.0113621576781408,-0.0035312839044188
10437,100.35576923076924,45.4788037,9.232274,3.672516,Fosco_Cancelliere,82,Deck,0.730424369539457,2.59579979569368,-9.52963120115975,-0.9469898022485616,2.5881300989377483,-1.6411724318568988,1,-0.0184796498962915,-0.0026253726177101,-0.0439870892507539
10536,101.30769230769228,45.4787825,9.2322998,3.785488,Fosco_Cancelliere,82,Deck,0.482475481700536,1.972606414601432,-9.58708117495314,3.1015006348692404,1.5952512949372268,3.490667683812897,1,-0.0161691738748814,-0.0520535438692306,-0.0029638233506883
10633,102.2403846153846,45.4787703,9.23232,3.4521280000000005,Fosco_Cancelliere,82,Deck,-1.6288196733018276,0.3498377486285397,-9.415964343743031,-3.607650937999767,1.0965038138688303,21.10000856415005,1,-0.9948041167070204,-0.2486489311389761,-0.7698372946226542
10733,103.20192307692308,45.4787657,9.2323447,4.767048,Fosco_Cancelliere,82,Deck,2.022401697950494,1.481498029940941,-12.189127520169995,11.164831528552757,1.6826968975812084,17.20391685137414,1,0.207529233659331,-0.1250563080403872,-0.6207975372989711
10829,104.125,45.478768,9.2323805,6.657940000000001,Fosco_Cancelliere,82,Deck,2.29742945231066,-0.4978090767576552,-10.354517210060166,-3.005542787929936,1.5853891471069566,-8.164746570274199,1,0.1477818766876568,0.3191341458742327,-0.3815896207808649
10928,105.07692307692308,45.47877800000001,9.232432199999998,9.743372,Fosco_Cancelliere,82,Deck,1.2326329584648184,-0.535756051592438,-9.292433825462291,9.541861301728312,2.624157090882578,-7.40218869625684,1,0.2312455689863948,-0.5056866997855214,1.3486189598900662
11026,106.01923076923076,45.47878920000001,9.2324648,9.724852,Fosco_Cancelliere,82,Deck,0.2682990862206948,-0.2906734094210524,-11.707789346706813,3.596167696189132,0.3558841732122175,0.0358380103901305,1,-0.0705433518170217,-0.5686238045728269,-1.46724173187477
11124,106.96153846153848,45.4788052,9.2325212,12.002812,Fosco_Cancelliere,82,Deck,0.2567178677224785,-0.8784320376866938,-12.944359591213484,4.441539136540717,1.3199750707384803,-3.817259351696734,1,0.2877607094675032,-0.1742511202785223,-1.4911481001234217
11321,108.85576923076924,45.47883270000001,9.2326543,15.284556,Fosco_Cancelliere,82,Deck,0.596619133674229,-0.9128208389004904,-5.480043684767873,2.641941828449031,2.256341527744313,-14.014401083211132,1,-0.4059140393077309,0.3777598310340495,0.6375508544786479
11417,109.77884615384616,45.478844,9.232724800000002,16.427239999999998,Fosco_Cancelliere,82,Deck,0.0059732211797195,0.3494561257221937,-9.907762565299317,-4.19251004695586,2.676389217888501,-4.9292168043374165,1,-0.0772496158781645,0.4022257611478885,-1.4629947271129673
11515,110.72115384615384,45.478867,9.2328133,19.008928000000004,Fosco_Cancelliere,82,Deck,-1.2953899386817165,-0.1221881857940926,-12.310597027208116,3.1941375259915668,2.4385121331970168,1.110128440893134,1,0.2766112444443349,-0.3785462267632179,-0.0774101545284757
11712,112.6153846153846,45.4788562,9.2329742,19.52008,Fosco_Cancelliere,82,Deck,0.1152535439701546,-0.5855918738135454,-9.922334228318958,-3.519070998777828,2.112128418848559,1.7872316842581537,1,-0.498388727796985,0.0371653041087525,-0.1247270064594943
11808,113.53846153846152,45.478826,9.2330483,19.062636,Fosco_Cancelliere,82,Deck,-0.1221713742896354,-0.3731942683285507,-10.569567561055024,-0.0906824739478913,3.3224762916789974,-1.491746524221136,1,-0.2173896837117538,0.1513089726399221,0.6354679690530425
11909,114.5096153846154,45.47882979999999,9.233109,17.986624,Fosco_Cancelliere,82,Deck,-0.5030452657977208,-0.8470203915485904,-9.364537565091196,-1.5086130776789617,3.423642422581734,-3.786633655949752,1,0.3091106098005916,0.5823146573026604,1.2817941116693188
12104,116.3846153846154,45.4788547,9.2332783,20.266436,Fosco_Cancelliere,82,Deck,-1.1205354915346146,0.064012107846071,-10.239158458848385,-3.8424434997078345,2.6255359736426103,7.028644036651994,1,-0.2802918434850158,0.0184825091318415,-0.8801944130624921
12202,117.32692307692308,45.47884129999999,9.2333695,21.220216,Fosco_Cancelliere,82,Deck,0.0383359234217693,-0.8281904712888101,-11.033278388924742,-3.0468440775754284,1.7785964862237784,-3.451515581153243,1,1.0998045037007107,-0.0282249265658742,0.6325618957945345
12300,118.26923076923076,45.4788412,9.233427699999998,19.083008000000003,Fosco_Cancelliere,82,Deck,-0.074573688592988,0.8426012357478808,-10.682270276922788,5.311867173855932,3.6993617927452256,-10.38451621772089,1,0.2930994141573815,0.1455047180684564,-0.4383800258008818
12398,119.21153846153848,45.478822,9.233517,19.73120800000001,Fosco_Cancelliere,82,Deck,0.8248777240312624,0.4120139282282344,-10.319558561730986,1.1717166231217768,2.4117039116803483,-1.0211004959736476,1,-1.5283420081534582,0.0915674741148525,0.1183952999873998
12498,120.17307692307692,45.4788128,9.2335473,15.454940000000002,Fosco_Cancelliere,82,Deck,0.3027641283682227,0.1809830055511389,-12.595699333016192,-5.801262923125572,4.491462498342441,7.251203899892229,1,-0.0103500116166914,0.1220071116688171,-1.1453116128615657
12594,121.09615384615384,45.4788372,9.2335988,15.204920000000005,Fosco_Cancelliere,82,Deck,0.074978079961997,-0.7417525246862056,-11.019870742954014,-3.7908036982409072,0.5371245577167779,1.4104901563035108,1,0.1048071949516928,-0.1140148087311206,0.2505854782118817
12693,122.04807692307692,45.47882979999999,9.2336442,13.504784000000004,Fosco_Cancelliere,82,Deck,-1.341582822051696,0.5727002810946015,-11.68217974071874,2.8519257365806125,4.379460644045657,-4.267251110994737,1,0.9953018622471628,0.0671289375290296,2.8041525558455795
12890,123.94230769230772,45.4788778,9.2337162,13.49182,Fosco_Cancelliere,82,Deck,0.150552642024403,-0.3437198399101491,-9.3498185254603,-0.2966296999024149,2.617040497714559,6.707525829549803,1,0.2615446379806861,0.1062760117463569,0.8619552588093224
12986,124.8653846153846,45.4788855,9.2337212,10.147108,Fosco_Cancelliere,82,Deck,-0.6928352420250389,-0.6474597155779562,-9.097837628825411,2.4130422717274707,3.4579762738644466,5.600600520119518,1,-0.2387121653614068,-0.7649877029043086,0.2508442853779691
13086,125.82692307692308,45.47886920000001,9.233754800000002,8.1951,Fosco_Cancelliere,82,Deck,0.7106758825908069,0.2210799499058723,-9.01099915738008,-6.152828350248775,6.2875320800181616,8.699861353417981,1,0.090769748772119,0.3648679672773142,2.172330674020237
13183,126.7596153846154,45.4788402,9.233785,6.472740000000001,Fosco_Cancelliere,82,Deck,-0.3743065225271173,0.4092321356837592,-13.35003227147788,-1.6745796400028174,7.857346888024741,8.080889787864852,1,-0.4984987156872376,-0.3187222997629147,-1.0163618877419278
13281,127.70192307692308,45.47881629999999,9.233803300000002,4.911504,Fosco_Cancelliere,82,Deck,-1.754352052795133,0.4302482034746448,-10.474668769811972,-1.7245220275602926,2.3840352397830884,-1.4783729557568916,1,0.2775620656582989,0.6751214415869188,-0.5671245846252724
13379,128.64423076923077,45.4788283,9.2338162,3.3669360000000004,Fosco_Cancelliere,82,Deck,-1.1063495847940197,-1.3811559275098433,-10.536927276494293,1.1863488178172008,0.9242595918609426,-6.406995592948544,1,0.1842498870116284,-0.4313197068367969,-0.1634276590955714
13478,129.59615384615384,45.4788065,9.2338483,4.591108,Fosco_Cancelliere,82,Deck,0.4890400008620425,-0.1804721689851899,-9.941522171445982,-1.0522252995998629,3.4468704133420003,0.8866505267969353,1,0.2001905710544836,0.3973997932363327,0.3415121142653952
13574,130.51923076923077,45.4787718,9.2338732,6.680164,Fosco_Cancelliere,82,Deck,-2.5788885349626662,0.95232234282306,-18.563741487915077,3.316047713203868,-8.462150112762076,1.7249967001138833,1,-1.1614563963066518,-0.0117357706522591,-6.7679719101004086
13675,131.49038461538458,45.4787273,9.2338963,8.400672000000002,Fosco_Cancelliere,82,Deck,1.6029985230403718,-0.7691736965938138,-8.040587050784058,5.338199615182028,1.1453942511996371,5.162758976265273,1,0.64496957117996,-0.2932076742610739,1.0289522175571904
13772,132.4230769230769,45.4786368,9.2339362,14.125204000000002,Fosco_Cancelliere,82,Deck,-1.5532479351126225,-0.0314819977864738,-11.003178260152916,7.576573683896598,-0.243764524251544,-16.012580764758535,1,-0.1646672448506185,-0.0050559887131676,-1.4798066187519847
13870,133.36538461538458,45.4785635,9.2339622,16.956912000000006,Fosco_Cancelliere,82,Deck,-0.3339723021297175,0.0553309413628626,-9.540191216276463,-3.7710362177871386,5.375423262672962,-3.855595329118033,1,-0.2320709969226364,0.091378981719536,0.0831647181811128
13969,134.31730769230768,45.47849779999999,9.233981800000002,18.7515,Fosco_Cancelliere,82,Deck,0.0615430020832891,-0.3395741044905016,-10.470661917215333,6.952562543862019,-0.209763649266387,-10.825883963404875,1,-0.2062050085767799,-0.0730524807687734,-0.3526715882648421
14067,135.25961538461542,45.478436,9.2339963,20.710916,Fosco_Cancelliere,82,Deck,0.7291172000187314,0.1839353078208185,-9.573394893576836,5.7731478813931165,-1.0667258782493168,-0.0068161027833859,1,0.0155971665758718,0.3244149535103133,-0.6468343760312011
14163,136.18269230769232,45.4783662,9.2340262,21.82582,Fosco_Cancelliere,82,Deck,1.1043055460011506,-0.9687988598355728,-8.537077306903928,-4.999552928036027,2.6549544116069845,14.735753197854333,1,-0.3148139147189091,0.633315788579419,-0.2504044888095667
14360,138.0769230769231,45.4782465,9.2340525,21.049832,Fosco_Cancelliere,82,Deck,1.2351463441377089,0.3490033255945131,-10.35253181043864,-3.1603813888827674,1.272259944002622,31.32965121786712,1,-0.0932284983220901,-0.019139187891441,-0.6956890128091828
14555,139.9519230769231,45.4781243,9.234068,21.312816,Fosco_Cancelliere,82,Deck,0.0188964474968304,-0.7014676288877849,-10.25854808972401,4.725050063065984,4.256291079000271,2.517948727259671,1,0.2275399491934839,-0.1957032946384367,0.3577368258754241
14653,140.89423076923077,45.478066,9.2340728,21.27022,Fosco_Cancelliere,82,Deck,1.0713222402065825,-0.7469047065892311,-9.701691543639042,5.017626337602112,0.7058723156952489,-9.795599749336466,1,0.7005991891319691,-0.4851563536763475,-0.2974089090592908
14752,141.84615384615384,45.4780065,9.234084,21.046128000000003,Fosco_Cancelliere,82,Deck,1.0529469001680485,-1.028275977990016,-11.743939320103454,8.892272655499022,-1.2343815786328438,4.569489477260646,1,-0.3802553417851207,-0.3745196297251457,0.5614837144919562
14948,143.73076923076923,45.4778822,9.2340987,22.549952,Fosco_Cancelliere,82,Deck,0.3488277522361651,0.4012489137871232,-12.659659687389894,-2.1130838530856404,1.4989464518299154,-5.239884525519146,1,0.3172366080097533,-0.0049474365973308,-0.6563639634536179
15047,144.68269230769232,45.4778117,9.234098800000002,22.768488,Fosco_Cancelliere,82,Deck,1.3592401529266631,0.5707630122730896,-12.663162998487335,3.674889070553908,8.666416632642862,-6.484961210030078,1,0.0838239925098598,0.2924028960930974,-2.613696101489777
15341,147.50961538461542,45.4775968,9.2341083,23.757456,Fosco_Cancelliere,82,Deck,0.8926883701372065,1.3093319715532732,-10.612578829053795,8.779314175908441,-0.2466291502082329,6.452132632302664,1,-0.4409650360137717,0.2816756062793841,-3.6405646378380334
15439,148.4519230769231,45.4775228,9.234119,23.744492,Fosco_Cancelliere,82,Deck,0.9869591866803064,1.1427371690590806,-7.915363532106963,-7.933799854893706,13.734150720295649,25.56877092897185,1,0.6008813050522575,-0.5649371148503346,2.74647363253177
15536,149.38461538461542,45.4774543,9.2341257,23.755604,Fosco_Cancelliere,82,Deck,1.5297754074119765,-1.4784781758952608,-4.787313422931788,-10.040258495630177,8.558840483398019,4.534699116850416,1,0.9767332089651352,0.0279219855806771,4.448204660077674
15636,150.34615384615384,45.4773865,9.2341345,23.431504000000004,Fosco_Cancelliere,82,Deck,-2.0782338538062985,0.2325038718893501,-10.99125967223648,-11.744438552997297,2.2348595999499103,12.51226059424562,1,-0.4999154715208576,-0.7009458849348035,-1.1481849949800402
15732,151.26923076923077,45.477326,9.2341472,20.9739,Fosco_Cancelliere,82,Deck,-0.0013760384688343,0.0242503139299557,-8.602952390758558,-3.853333434587848,3.6407268032338327,-0.5687967277113541,1,0.582292189120571,0.15308272521861,1.3348848802570377
15831,152.22115384615384,45.47726820000001,9.2341562,20.377556,Fosco_Cancelliere,82,Deck,-1.0975715499120149,-0.7991574739491326,-8.950537152259834,2.522114585035192,-5.049948855290734,-13.071528146975869,1,-0.7130903775344177,0.1108076864087321,-2.580301644680853
15929,153.16346153846158,45.4772303,9.2341693,15.497536000000002,Fosco_Cancelliere,82,Deck,-1.5154333684759056,-1.0086770310816835,-12.361728046165632,-11.933135952004871,-1.9603298827796405,6.302100332818477,1,-0.0904401416334474,0.1183514283677769,-1.3704393405361763
16028,154.11538461538458,45.4771963,9.2341733,13.264024000000004,Fosco_Cancelliere,82,Deck,-0.4046732957893772,-0.7797526170029904,-10.49400515828864,2.008642690754456,7.301305790107511,-10.686428295542225,1,-0.0490667571025827,0.1544996961295192,0.5274762964396125
16124,155.03846153846158,45.4771707,9.2341668,11.428692000000002,Fosco_Cancelliere,82,Deck,-0.087912783283525,-0.7998329060355722,-14.22488743226092,-6.585344555567738,9.231376103135617,6.198073079166742,1,-0.096069517606144,-0.1312723565944541,-0.7422591047032245
16223,155.99038461538458,45.4771533,9.2341522,9.63966,Fosco_Cancelliere,82,Deck,1.4565726281035518,-1.969006191820369,-8.277341794605205,17.77737301014745,0.1306136061762419,-12.487031453370935,1,0.093140295197617,-0.0606150035954364,-1.0992735505793725
16319,156.91346153846158,45.47713570000001,9.2341282,9.728556,Fosco_Cancelliere,82,Deck,0.1388688201213528,0.1507743490562327,-10.360953881467914,9.292602582634473,-3.2560350135434653,-0.8273962086706934,1,0.5019736175465757,-0.0576490275781149,-0.5519017278704332
16420,157.88461538461542,45.4771142,9.2340877,12.123192,Fosco_Cancelliere,82,Deck,0.0266858203074241,-1.0920911952862002,-8.939209645760375,11.090779764842384,5.599445708087015,-5.951624308276026,1,-0.3826717671454715,-0.0809732859478691,0.9092172531902704
16615,159.75961538461542,45.47708370000001,9.2339742,15.912384,Fosco_Cancelliere,82,Deck,0.4254344000368859,-0.5539550790380426,-11.907822292337144,-1.5239501543981655,11.647170219182026,2.6231648310305067,1,1.036215731532227,-0.7425473809326187,2.4977597289273543
16713,160.7019230769231,45.4770742,9.2338998,19.071896,Fosco_Cancelliere,82,Deck,-0.0270010833802072,0.2770983398689443,-8.238967102161714,10.569019632437326,1.6940542612171932,-7.995527297580613,1,0.43101831606222,0.1160917127547953,0.7141653769360641
16812,161.65384615384616,45.4770747,9.2338268,19.959004000000004,Fosco_Cancelliere,82,Deck,1.0619282262514471,0.7690347551212363,-10.738196684245406,7.183540899552655,7.127932537069948,9.267100820338634,1,-0.0219290003239116,-0.1431688260022044,-0.676161586268373
16907,162.56730769230768,45.4770633,9.2337617,19.536748000000006,Fosco_Cancelliere,82,Deck,-1.5110307382606225,0.2334402282797466,-7.570394112109666,-5.477593624691164,-0.5785949306106151,0.7775255374905736,1,-0.6400779589873117,0.2575184242354358,-0.4309225881058598
17007,163.52884615384616,45.4770545,9.2336895,20.097904000000003,Fosco_Cancelliere,82,Deck,-2.596024291308223,-0.2231706564814339,-11.691938523481168,2.0855665335859315,-7.8912536677979075,-0.0312868589432282,1,1.1669796920812137,0.2523730258747007,2.021590241358334
17103,164.4519230769231,45.477051,9.233619,20.068272,Fosco_Cancelliere,82,Deck,1.4823199191752252,-1.2858199382303854,-10.242032404264457,-6.697784047935008,7.644640081574143,1.8167681251881307,1,-0.0717057183197922,0.2188839137270997,0.3353114664719889
17201,165.39423076923077,45.47703170000001,9.233548,20.483120000000003,Fosco_Cancelliere,82,Deck,-0.5545803851902659,-0.9001433981549274,-7.572554773270162,5.395144350788343,7.3781839499216915,-9.259851802972811,1,-0.5359050050756423,0.0949409775688402,-0.0822801759367362
17299,166.33653846153842,45.4770198,9.233471,21.42764,Fosco_Cancelliere,82,Deck,-0.9731551677340096,-1.083817718300938,-11.585603872281151,-7.43188883447902,2.4995679272591023,-1.3440996878507097,1,-1.1114997335927026,-0.4149115657411008,-1.5027306876469009
17396,167.26923076923077,45.4770145,9.2333917,21.959164000000005,Fosco_Cancelliere,82,Deck,-2.915824671678452,-0.8872552130224721,-14.106321050616224,-1.2159411660721782,-8.02223250140879,-5.375360536457684,1,-2.653032945991372,-0.0764300329075283,-7.067286504424063
17592,169.15384615384616,45.4769898,9.233248,21.170212,Fosco_Cancelliere,82,Deck,-0.928570274563846,-1.3932319695040596,-10.026437054116414,-2.976609410849057,0.0854140631382813,-2.8975594901906097,1,-0.1130974241943702,-0.0814468743405911,1.7367953104957792
17689,170.08653846153842,45.476987,9.2331745,20.877596,Fosco_Cancelliere,82,Deck,1.3036426674457815,-1.0562144901742825,-10.024163165350236,4.866953672968972,4.5640803270410535,-7.18108172848331,1,0.256545261327356,-0.0541854241021753,0.2482084907554433
17788,171.03846153846158,45.4769607,9.2331242,19.099676,Fosco_Cancelliere,82,Deck,-1.013813776995094,-0.3226119040063615,-8.968465834731534,1.262577746726301,5.029294988891028,0.7333497494467833,1,0.151131392349785,0.065936545987949,-0.1050564859839688
17884,171.96153846153842,45.476936,9.233054,20.370148,Fosco_Cancelliere,82,Deck,-1.0772370053598923,0.2440522088572169,-10.345187511591853,1.6240083315899765,2.8158159701029457,11.426650335446991,1,0.4646350742564869,0.1816938085109276,0.0001737849025396
17984,172.9230769230769,45.476926,9.2329807,20.462748000000005,Fosco_Cancelliere,82,Deck,-0.4021571695625429,-0.2670149123908458,-9.629439839819735,-5.740303560804128,4.3044744766791165,3.4644886424806267,1,0.2749243456390318,-0.0181059122282878,0.2724382022912781
18179,174.7980769230769,45.4769167,9.2328333,20.757216,Fosco_Cancelliere,82,Deck,-2.934104522416213,0.1397003547394354,-9.084285444083935,5.86538156139504,-9.92624954957778,35.25724669817318,1,0.8260795265148957,-0.0710782278232854,1.074651914161317
18375,176.6826923076923,45.4769,9.2326892,21.444308000000003,Fosco_Cancelliere,82,Deck,0.8003392188683257,-0.3855327608976568,-9.714643845640264,6.916519748641049,7.968884077905264,5.6154519969284165,1,-0.1646201214851137,-0.1470315507207405,0.3077695529658726
18473,177.625,45.4769005,9.23261,22.183256,Fosco_Cancelliere,82,Deck,0.2487366837889386,-0.6626710249304061,-11.400948583766713,-11.61013761349113,-1.801902417885402,22.30586567271631,1,-0.2608587328960465,0.0114888376099633,-1.7732756145287285
18768,180.4615384615384,45.4768865,9.232385,21.744332,Fosco_Cancelliere,82,Deck,0.2159841327109526,1.4937914177458862,-8.307061103840166,1.6236512922055613,2.408671852130937,2.737489445904949,1,0.6803717642848981,-0.0730326032494597,1.0634131896467809
18866,181.40384615384616,45.47688370000001,9.2323107,21.666548,Fosco_Cancelliere,82,Deck,-1.7292015477725349,0.5743043568343218,-12.52806657415192,4.073822389001927,1.3203351870698734,-7.933078733864676,1,-0.1721405970794247,0.0760492140876906,-0.1355453901907211
18965,182.35576923076923,45.4768692,9.2322338,22.442536,Fosco_Cancelliere,82,Deck,2.3183689919097583,1.3400311603527455,-9.626858890166618,-0.0145581165766555,14.32813565364183,14.492958771821046,1,0.7146238176307182,-0.2707723481185439,3.4310494108226317
19062,183.2884615384616,45.4768503,9.2321687,21.498016,Fosco_Cancelliere,82,Deck,0.8635545381639321,1.7365487415826604,-9.047545341665463,5.8398065151794185,7.758728289994964,6.548222760821294,1,-0.2676234203538855,-0.1645039119194324,-0.8319132309934449
19160,184.23076923076923,45.4768302,9.232121,18.688532,Fosco_Cancelliere,82,Deck,1.5451005780941809,-0.7705736833238825,-8.616952578234315,9.084090643625268,3.011463830033504,0.1098765477377794,1,-0.0463129490432907,-0.6623804609739268,-1.3065156912071778
19258,185.1730769230769,45.4768362,9.2320755,15.304928,Fosco_Cancelliere,82,Deck,-1.5001562948086256,1.5078798868022198,-9.232236193612694,5.768575668666781,-3.67556607601176,-0.5563362816897879,1,0.1081466651168527,-0.128208425832476,-1.3667668708177887
19357,186.125,45.47682,9.2320552,11.780572,Fosco_Cancelliere,82,Deck,-1.0829563810466012,0.4913636179329201,-11.097367550720136,7.200555143669852,-1.1659755730462154,-2.7199244345927887,1,0.72868543668548,0.0617256601657356,1.2053699697685192
19456,187.0769230769231,45.4768253,9.2320353,8.508087999999999,Fosco_Cancelliere,82,Deck,0.3818417838941743,0.0204201629525632,-8.19091104520242,6.055761706268271,1.3171266202410932,-0.4662296781196957,1,1.0073115641611363,0.1597273501770079,1.2476999198968706
19553,188.00961538461544,45.4768242,9.2320178,6.928332000000001,Fosco_Cancelliere,82,Deck,-1.231623099116428,0.4187102738388557,-9.640757700349626,0.2265123251343053,-4.863475710097707,10.112866784316902,1,-0.5647688868363095,-0.5611282686533792,-0.7807695632600176
19651,188.9519230769231,45.476815,9.2319912,8.000639999999999,Fosco_Cancelliere,82,Deck,-0.6532819066587944,-1.5755797655873616,-10.064587982650725,-10.632276531759128,3.5619778954330985,11.130478036565188,1,0.3317919801074094,-0.0295037094535963,0.3609034895768453
19750,189.90384615384616,45.4768205,9.2319308,11.775016,Fosco_Cancelliere,82,Deck,0.8480972945845917,-0.9783604416214948,-10.140937312245685,8.030841145407301,5.637731390496374,-13.758781320186763,1,0.4235025214234501,-0.0398477802426292,1.303422265210502
19848,190.84615384615384,45.4768012,9.231884,13.752952,Fosco_Cancelliere,82,Deck,2.4437070822939915,0.6333485225357868,-8.38011382480218,3.4856245171433087,-0.779496886453785,-12.959616426101167,1,0.1512194799265005,0.2614408958949625,-0.0657101457430595
19946,191.7884615384616,45.47678870000001,9.2318345,14.628948,Fosco_Cancelliere,82,Deck,-1.5219554194705434,0.1915234447228453,-12.120034199743642,17.817025800478167,4.026103043702537,-0.7839959986779084,1,-0.0378394678934512,0.2709612256135403,-1.2094319889854717
20044,192.73076923076923,45.4767798,9.2317767,15.704960000000002,Fosco_Cancelliere,82,Deck,1.043238315316125,-1.2412107639858023,-9.932552950828631,5.322987503227498,1.2068866344941007,-0.7410365926644706,1,0.5633261424811662,0.1562544624923469,-0.0224975981165531
20143,193.6826923076923,45.4767765,9.2317023,18.207012,Fosco_Cancelliere,82,Deck,3.209142225509681,-1.4085318128199482,-5.5243667130266,-6.35326929509098,8.204754585029598,-3.5268487366672887,1,0.5682883151005362,0.4160074238535169,2.025111358802812
20240,194.61538461538456,45.4767518,9.2316423,18.516296,Fosco_Cancelliere,82,Deck,1.876808863995916,-0.2349941205722505,-7.488035817762546,-0.9250800528712886,3.4530643950490383,-2.2580932145229493,1,0.0356486926435271,-0.031798045192631,1.2001581909240446
20338,195.5576923076923,45.4767288,9.2315742,19.440444,Fosco_Cancelliere,82,Deck,-0.9818504951954662,-0.5420284995118854,-12.133043743753928,6.425687266354418,-0.9670169079281888,-9.051099272928123,1,-0.6245005062335027,0.003042461966407,-1.51573709175962
20437,196.50961538461544,45.47672100000001,9.2315022,19.349696,Fosco_Cancelliere,82,Deck,-0.9067928225458692,1.5779562888620589,-9.787831707020768,-20.86822889342872,12.348726198443792,15.359672445030794,1,-1.288104907917011,-0.5069051483809999,0.3776045827830199
20534,197.4423076923077,45.4767243,9.2314207,20.136796,Fosco_Cancelliere,82,Deck,1.401296719153526,0.8412765186801014,-7.967805185260304,5.3800168006845865,2.711927445680144,-6.801851462843323,1,0.4473049582162691,0.1990918874152974,0.1430271465625248
20634,198.40384615384616,45.4767232,9.2313448,20.147908000000005,Fosco_Cancelliere,82,Deck,1.927180559160396,-1.0851049042405518,-6.429818712042898,1.3461164583139298,3.1342513377193217,-3.6515294539412446,1,1.0136264705294449,0.1462169731836444,1.2261026566515438
20829,200.27884615384616,45.4767377,9.231176,21.720256,Fosco_Cancelliere,82,Deck,-0.156096087370514,-1.1023572603909528,-10.639912867868288,-8.44929134780966,4.533788423809551,2.7869756770652314,1,-0.7760693112811119,-0.3167514254411731,-1.296150324148769
20928,201.23076923076923,45.47674979999999,9.231084,22.922204,Fosco_Cancelliere,82,Deck,-1.8674398016601783,0.0955194363964449,-11.248928287467567,2.8865356011233865,0.6589012577149527,-2.28047620597516,1,0.592502144520306,-0.3191914020190185,-0.4263162763795556
21026,202.1730769230769,45.47675570000001,9.2309978,23.042584,Fosco_Cancelliere,82,Deck,1.0831622803599714,0.518892835614115,-12.985958593693187,11.895014934180493,3.2899966569379133,-2.7980557014672027,1,0.4323389657645577,0.3721327899418925,0.5727817426518378
21124,203.11538461538456,45.476759,9.230918699999998,22.064728,Fosco_Cancelliere,82,Deck,0.7290838144123666,1.4168249460271936,-9.560934157993678,3.01754411188314,4.42127628319521,11.298530741887287,1,0.4399552140357934,0.326332713247208,0.9792069091872264
21222,204.0576923076923,45.4767702,9.2308327,21.944348,Fosco_Cancelliere,82,Deck,0.1663726733327563,-0.5397787061437017,-10.149290375849644,-4.158419161542152,1.3018468238166268,-5.126242366166112,1,0.4248718434779849,0.1380474285839414,0.1953109419885859
21321,205.00961538461544,45.4767858,9.2307532,21.190584,Fosco_Cancelliere,82,Deck,-0.8988309814822609,-0.0423556729973751,-9.512539482479186,-5.385806872877519,4.295463021105393,2.404137164166748,1,-0.359274030756334,-0.2051891467515478,-0.0559447861409125
21420,205.9615384615384,45.4768093,9.2306685,20.77018,Fosco_Cancelliere,82,Deck,-2.357562699609212,0.4563192036101413,-13.366150038000278,8.827391759219267,0.0152843642811655,-10.679417597724957,1,-0.9082788234335428,0.3026292482143414,-1.702931431457971
21516,206.88461538461544,45.4768105,9.230612,17.699564000000006,Fosco_Cancelliere,82,Deck,0.2394089212994336,0.4221822229009926,-8.382334983908162,-0.2375367454217882,-3.50076451514548,2.4656333795998644,1,-1.4198439294657332,0.4833842146369916,-1.9824541716817607
21616,207.84615384615384,45.4768185,9.230562,15.106764000000002,Fosco_Cancelliere,82,Deck,-1.6752646103534654,-0.4811367710203246,-10.556081184500602,6.579933581606023,-0.4343336963578892,6.9543742767131125,1,-0.0541924263401854,-0.3225549726066689,-0.7016075234987689
21813,209.74038461538456,45.4768463,9.2304737,11.034216,Fosco_Cancelliere,82,Deck,0.4913147826865426,-1.1796997351397758,-8.044780550242711,-6.991086727158526,2.306290575562312,10.56497283249808,1,0.4561962219465341,-0.2956820169848518,0.215521747217787
22008,211.61538461538456,45.476875,9.2304152,8.026568,Fosco_Cancelliere,82,Deck,-1.1401891096303003,0.3306959801989373,-10.888849340124292,-6.176087698366161,1.3428152817141186,-10.048541974191544,1,0.1267528343478523,-0.2285795788202791,-0.5254966726519221
22106,212.5576923076923,45.4768868,9.2303963,6.532004,Fosco_Cancelliere,82,Deck,-0.6506467110875184,-0.3965078235618474,-9.863184100514562,-0.6271088082176317,2.5894331753227062,-7.924572216530329,1,0.5970216047165561,0.1651369815236607,1.087103537862513
22499,216.3365384615384,45.4769042,9.2303723,1.4167800000000002,Fosco_Cancelliere,82,Deck,-1.0089995002997254,-0.4000854520769097,-11.347664618164398,7.382431221462783,2.063300059418644,-9.879129474253244,1,-0.7940976723182122,-0.1222841189093258,-1.8386857982783555
22892,220.11538461538456,45.4769282,9.230346699999998,1.0500840000000002,Fosco_Cancelliere,82,Deck,0.7973319502490808,0.3324143985913719,-7.35368381856627,-1.6151691808516393,7.02782015653987,-6.253043761201639,1,0.4392308758508779,-0.2346141287327532,0.9081583912254728
22991,221.0673076923077,45.47693220000001,9.2303382,0.957484,Fosco_Cancelliere,82,Deck,0.100768622121246,-0.0010212251469526,-9.247280460745012,0.554179097893631,1.7265627949112567,-1.978247033633688,1,0.3594271630089852,0.0619767107001389,0.9057839490538696
23087,221.99038461538456,45.476938200000006,9.2303103,6.3505080000000005,Fosco_Cancelliere,82,Deck,-0.511515056563146,-0.1178332835957449,-9.685766625285424,-1.4745684174752478,6.308634417097106,-1.7265742662389618,1,-0.3526827512365684,-0.0872416699406226,0.3510046329095039
23286,223.90384615384616,45.47693,9.23024,10.221188,Fosco_Cancelliere,82,Deck,1.3588728563207093,-0.4886791201044707,-9.61475602836168,6.085055744253497,2.066198159062977,-13.310399553827889,1,0.6219856051434685,0.010600628434021,1.2553581308635078
23382,224.8269230769231,45.4769287,9.2301787,14.225212,Fosco_Cancelliere,82,Deck,-0.276928255909209,0.1800180542399178,-11.937298765054548,-2.388407060164729,8.656814065360278,5.526712956669269,1,0.4851979507646257,-0.321848057307946,0.0873598028339053
23481,225.77884615384616,45.4769217,9.2301265,14.775256,Fosco_Cancelliere,82,Deck,2.1777116717671814,-1.3425301929849034,-8.482471338471353,3.1098665422203022,3.762724066997732,-9.755656019985462,1,0.6395304152559025,0.0182784850725661,0.2266872255966064
23676,227.65384615384616,45.47688529999999,9.230003300000002,17.442135999999998,Fosco_Cancelliere,82,Deck,-0.9404017384735792,-0.5039060660507911,-10.20607032113347,-5.88461105979729,4.613712219903492,3.034122338332252,1,-0.0112716220259248,-0.0466261390763965,0.0643756060418052
23774,228.59615384615384,45.4768605,9.229942800000002,18.414436,Fosco_Cancelliere,82,Deck,0.4885056751454554,-0.2094742646284008,-10.530677999896898,1.7152719213233047,1.0613755024979925,-9.963601881276707,1,0.2562365800417389,-0.1033702211190229,0.2524771029546109
23870,229.5192307692308,45.4768485,9.2298733,18.932996,Fosco_Cancelliere,82,Deck,-0.5013643402937914,0.17800995230451,-9.75556642632926,-8.962573681965038,1.1866719654772409,4.254699013344131,1,-0.0965664218229093,0.0040704364498278,-0.0407106102193921
24066,231.40384615384616,45.4768275,9.229732,19.451556,Fosco_Cancelliere,82,Deck,1.3875402752665171,-0.3752352778414921,-9.620340273599547,-20.51680542052663,2.964890000952161,14.098566580719847,1,0.4909539494472063,0.0214141032832112,-0.2117867643479396
24163,232.3365384615384,45.47680620000001,9.2296698,19.008928000000004,Fosco_Cancelliere,82,Deck,-0.5327191454985488,-0.5320435544076296,-10.409567578512602,-3.729266537258612,2.830423405244031,-19.87306210729332,1,-0.0924377354941902,0.0645131412243337,-0.0344388944078861
24261,233.27884615384616,45.4767633,9.2296125,19.194128000000006,Fosco_Cancelliere,82,Deck,-0.6372896806529632,0.1823277995862,-9.96404929570132,3.5304457753403566,3.934778695563104,6.31571941768057,1,-0.0412127373845693,-0.047091542624041,-0.2595523266403088
24359,234.22115384615384,45.47675570000001,9.2295392,19.216352,Fosco_Cancelliere,82,Deck,0.2005111473662985,-0.1514019773041081,-10.429855130282087,7.5768593692983615,-2.0176088512561248,-1.6044893562682327,1,0.4761534451718215,-0.0719842953233007,0.9927051078552348
24457,235.1634615384616,45.4767532,9.2294562,20.181244000000003,Fosco_Cancelliere,82,Deck,-1.0493599827746718,-0.4002346161343049,-8.784108428864018,2.5224059013172,6.523956989276543,1.143111580989948,1,-0.205417351951558,0.1437280652534659,0.1037206310445171
24553,236.0865384615384,45.4767338,9.229386300000002,20.244212,Fosco_Cancelliere,82,Deck,-0.4856215741497431,-0.1196316967593998,-9.487959806616724,-4.028146082493219,-0.2037233847147144,11.233713411586455,1,-0.2997499431982063,0.0175528557253123,-1.105122579600584
24651,237.02884615384616,45.47672,9.2293137,20.190504000000004,Fosco_Cancelliere,82,Deck,-1.0177348312491654,-0.5771032465860344,-9.786526381812427,-0.2556419208850436,1.3748123314513077,0.2669552389192589,1,-0.0286005479357144,-0.0664561567627484,0.25518395614748
24749,237.97115384615384,45.47671550000001,9.2292313,20.768328,Fosco_Cancelliere,82,Deck,1.4051899144575637,-0.5949985773192467,-8.879513795281465,-4.1402876173062415,2.1914836072050754,-8.905934314851477,1,0.0493230810853815,0.0395308769618218,0.5784174920401473
24846,238.90384615384616,45.4766963,9.2291662,19.825660000000006,Fosco_Cancelliere,82,Deck,0.1593295830702736,-0.3621129792579921,-9.049896174114654,4.1234684505259445,4.119440221662022,-7.468690628220501,1,-0.3685942568722926,0.2009544739162124,-0.1807269349595337
24944,239.84615384615384,45.4766785,9.229098,19.79788,Fosco_Cancelliere,82,Deck,-0.7192977925832279,-0.6974267397369066,-10.89524087269704,5.507666044317318,-6.694104540681566,-0.4558675951075193,1,-0.190782850391475,-0.0890382021142547,-0.970866422763672
25043,240.7980769230769,45.4766758,9.2290175,20.134944,Fosco_Cancelliere,82,Deck,-0.4655978499666618,0.1609526982839657,-8.779795110589058,-7.69909917649365,3.144793895728686,3.663715822204737,1,-0.7635768438061405,0.4515364028520072,-0.4777147391125389
25142,241.75,45.4766763,9.2289368,20.360888000000006,Fosco_Cancelliere,82,Deck,-1.7876169877453107,-0.007839132491717,-9.671896775240969,-7.659039338485942,2.304760537042978,2.104973856657588,1,0.5823716790468723,-0.2513448561552384,1.9044774316390072
25238,242.6730769230769,45.47667979999999,9.228848800000002,20.979456,Fosco_Cancelliere,82,Deck,-3.1790242750935884,1.2223272817013071,-12.059947329997122,9.738557736604962,3.6239569067589534,-7.114573292280452,1,-1.2106068547048692,0.3670598114603218,-0.212110910546274
25435,244.5673076923077,45.476666,9.228696,20.36274,Fosco_Cancelliere,82,Deck,1.521179021344941,-0.6545651003832161,-10.551053137678933,2.078003629777629,0.5581094266979183,-2.3533122430176614,1,1.4261445123302,-0.0640621195313346,0.7637924400910432
25534,245.5192307692308,45.4766622,9.228612,21.009088,Fosco_Cancelliere,82,Deck,-0.7626253095835723,-0.2867630690880081,-10.354935628005334,-11.704502966057008,3.725047444916645,-10.642857412588466,1,-0.0132405027079149,0.0902483693455863,0.0526660515057937
25630,246.4423076923077,45.4766685,9.2285283,20.625724,Fosco_Cancelliere,82,Deck,0.3782722144003662,0.4689879071173068,-9.547519370052576,-5.327323846222098,2.6889566989814417,12.305240591543276,1,0.0525668193969815,-0.0674746415152948,0.443175711130074
25730,247.40384615384616,45.4766698,9.2284418,21.264664000000003,Fosco_Cancelliere,82,Deck,0.9088893026346072,0.5109007743596148,-9.82391572805633,-8.594270425027911,6.0630510631389365,11.285286695710322,1,-0.0841475857030368,-0.2395468374053605,-0.4031197761534457
25829,248.35576923076923,45.47665900000001,9.2283702,20.401632,Fosco_Cancelliere,82,Deck,-1.6861134462076293,0.5246373455729721,-10.138378541702208,7.656679294492006,1.4054169600445592,2.9953979689307952,1,-0.4709767158994405,-0.1139742283633297,-1.0149036570087198
25928,249.3076923076923,45.4766522,9.2283062,18.744092,Fosco_Cancelliere,82,Deck,2.301047700278592,-0.111923433923101,-9.136902957209736,-8.790099237803402,7.198338919216403,6.675287443369376,1,-0.0710175603902181,0.1525672099699226,-0.6748225427121888
26025,250.24038461538456,45.4766495,9.2282325,18.921884,Fosco_Cancelliere,82,Deck,-2.083980321982892,-0.1078317282449177,-11.554698909183214,-0.1546057906827118,0.4284410846181066,6.735242133308513,1,-0.4859171963843969,-0.1200667633774758,-0.673050720457681
26123,251.1826923076923,45.4766493,9.228143800000002,20.699804,Fosco_Cancelliere,82,Deck,-1.1821887699090987,0.1308007318371439,-9.87229195116804,3.873753993133296,2.9042617315792407,-20.90245596633717,1,-0.4208360151345448,0.3644820173090683,-0.2206649861232872
26222,252.13461538461544,45.4766333,9.2280725,20.238656,Fosco_Cancelliere,82,Deck,-4.678317571248768,0.3071134481000566,-11.76835759322843,21.364043603607865,-4.760305609550497,-15.886781312263858,1,0.2180385809175442,-0.5592773934255253,0.8645002912590183
26318,253.0576923076923,45.47666820000001,9.2279917,19.264504,Fosco_Cancelliere,82,Deck,0.204939899565351,0.023882191352667,-9.881368978134578,-0.8849889765080672,0.6690795546941892,-9.984950077033917,1,0.0778211508442525,0.2097228579283212,0.0538028362199494
26417,254.00961538461544,45.4766973,9.227900300000002,20.266436,Fosco_Cancelliere,82,Deck,-2.1370208428430133,0.4640189305891384,-10.58433423887767,13.526507720000913,2.9451486669024787,-2.2517171830740152,1,-0.4378948211761704,-0.0867824088114189,-0.1883332343852473
26514,254.9423076923077,45.4766795,9.2278218,20.684988,Fosco_Cancelliere,82,Deck,-0.6498231441987562,-0.0811984692319288,-6.121171086428831,7.8872926666516925,-4.863446566754655,4.257331592115382,1,-0.7172605226243005,0.06150145439126,0.4001828440922468
26613,255.8942307692308,45.4766527,9.2277508,20.720176,Fosco_Cancelliere,82,Deck,-0.3707047036751404,-0.9093530036344772,-8.258457769325792,-1.0025878451223753,12.67227738284767,12.897830204325611,1,1.0438482867994945,0.0061448784569807,1.7036334273498213
26711,256.83653846153845,45.4766423,9.2276765,20.231248000000004,Fosco_Cancelliere,82,Deck,-2.076598576770755,-0.7369331395041275,-9.547421328489063,-11.094166128106956,5.897928951127987,13.642646099026589,1,-0.0737569004019924,-0.3189760628965412,-0.0487429149793925
26809,257.77884615384613,45.47662800000001,9.2276138,18.469996,Fosco_Cancelliere,82,Deck,1.271056757177658,1.3516016870733127,-16.682920868504446,-11.408237052725813,19.21463782735719,29.286852794692248,1,-0.3590578338994661,-0.0890272506325704,4.6999558720383945
26909,258.74038461538464,45.476624,9.2275522,16.671704000000002,Fosco_Cancelliere,82,Deck,0.2964761095452073,-1.8532714590459032,-9.266537088188231,2.9211934264698862,-4.114669200619298,-25.32220298731886,1,2.106495171060363,-0.9189129468816596,2.7918988819347104
27006,259.6730769230769,45.47663529999999,9.2275082,11.958364,Fosco_Cancelliere,82,Deck,-1.8083939729565617,-0.557183762514597,-10.588838549565066,3.5693654436269333,-3.6440507072723065,14.198713343128956,1,-0.3293811385758656,0.0093619816538021,-1.6362259645580846
27104,260.61538461538464,45.476645,9.2274892,6.035668,Fosco_Cancelliere,82,Deck,-2.0699048426664564,0.5441826348440773,-8.151963733654352,-4.682418622393156,-2.3811601952374355,41.174639005867206,1,-0.4134024786478112,-0.3834407260718655,2.0067114851904595
27203,261.5673076923077,45.47667070000001,9.2274638,2.844672,Fosco_Cancelliere,82,Deck,0.5282596463601297,-0.5072208344758092,-9.51429255815406,11.002207453339818,-12.838875353933489,-33.184211207034615,1,-0.1605276805667811,0.2765999224928977,-0.7563537115078507
27301,262.50961538461536,45.4766867,9.2274577,2.965052,Fosco_Cancelliere,82,Deck,-0.7482303044592648,0.1871598647431756,-12.492646813905166,10.498624085845472,0.0506906767243773,-22.47632683729922,1,-0.4208226333425989,0.1127200475309117,-0.930460693904534
27399,263.4519230769231,45.4767417,9.227431,5.674528,Fosco_Cancelliere,82,Deck,0.291949471535848,-0.1343669243039903,-13.250638243495946,4.694517849429303,1.9063978750397104,-15.052859146534276,1,-0.2106754737301674,-0.6948704173234579,-2.1084701590463784
27498,264.40384615384613,45.4768635,9.2273835,13.80666,Fosco_Cancelliere,82,Deck,0.8287284346775459,-0.1736888767575626,-9.910082907441224,3.7215396634311406,-8.749406137154294,-4.004322816225557,1,-0.3884668691412017,0.0851808071479227,-1.8265379168447369
27596,265.34615384615387,45.4769482,9.227328300000002,17.258788,Fosco_Cancelliere,82,Deck,-4.374985528683284,0.9493329364747222,-11.032328715681407,-4.229425126791881,4.299621219486488,-6.606858020260508,1,-0.7492042510856356,-0.0642307279396646,0.842900033016047
27692,266.26923076923083,45.477008700000006,9.227278300000002,18.1033,Fosco_Cancelliere,82,Deck,0.6795562728933415,0.6163342329761784,-10.392400723236284,1.2924761789025248,-0.5853010028502599,0.2064230756019088,1,-0.036366236795704,-0.0589476030990273,-0.0305706134902106
27791,267.22115384615387,45.4770687,9.2272547,19.125604,Fosco_Cancelliere,82,Deck,-1.0175639002446235,1.837431959926008,-9.963298321886493,-5.7423270882633926,-4.300992569141074,-3.1581210891749865,1,-0.1441020067347246,0.965522235145259,-4.543662210557677
27889,268.16346153846155,45.4771183,9.2272232,19.092268000000004,Fosco_Cancelliere,82,Deck,-0.6567950481383941,1.2560404059645276,-11.83611373483626,-10.58673580424005,6.905467365050336,36.10998102500011,1,-0.9657337677766668,-0.6699120561166187,-1.891933102985288
27987,269.1057692307692,45.4771858,9.2272027,20.162724,Fosco_Cancelliere,82,Deck,-1.5346339840908492,0.6900458016185046,-10.568566952416912,9.782529079639737,1.7129812662130248,-36.44649839613071,1,-0.3275248682382465,0.2977782772387573,0.3307403940955442
28086,270.0576923076923,45.477241,9.2271832,20.155316,Fosco_Cancelliere,82,Deck,3.0703277950820795,-1.5856358053838784,-8.788743577395707,0.3354281691751968,5.577168666211199,-7.68808750139952,1,0.2989996496118707,0.3222376540052088,-1.418322230719153
28182,270.9807692307692,45.4773035,9.2271742,20.512752,Fosco_Cancelliere,82,Deck,1.3587015572358203,-1.4255694054097197,-9.09058029881701,-4.969623516514664,-1.3050090255772089,1.3613435302559331,1,1.4159788050131907,-0.3197682559333705,0.9187972552537912
28576,274.76923076923083,45.4775157,9.227117800000002,20.359036000000003,Fosco_Cancelliere,82,Deck,-0.9311469444963244,0.5266325114900446,-14.107416483809386,-16.503375557881913,4.463755693361126,23.540950979587787,1,-0.3983314099092517,-0.1162603496734937,-2.544528090154341
28674,275.71153846153845,45.4775653,9.2270552,20.453488000000004,Fosco_Cancelliere,82,Deck,-2.8895924670260955,-2.051283718426533,-11.60666077371942,-11.300835637438574,-1.5301201899307086,2.3120541733486344,1,2.7593811248078324,0.0489500443540928,3.916012411678306
28773,276.66346153846155,45.4776153,9.227025,20.857224,Fosco_Cancelliere,82,Deck,-1.23067638083466,0.1979828495673314,-9.170325128435804,22.35393649033853,0.7422555347356941,-6.3016320821540965,1,0.3912400888172977,0.0154742409250107,0.4400722761187499
28869,277.58653846153845,45.4776718,9.2270048,20.477564,Fosco_Cancelliere,82,Deck,-1.0236137199717454,-0.8725477771029154,-13.429830034614296,8.018270704404685,5.213193139205552,-1.6620119850738482,1,-0.2513725400894752,-0.1557075968976475,-0.7736704213505199
28967,278.52884615384613,45.47773370000001,9.2269847,20.638688,Fosco_Cancelliere,82,Deck,0.6335217792054071,-0.7685016971130653,-9.38544250058006,4.132255095621598,2.770489507045462,-4.834139485528027,1,0.3371634407370826,-0.0009272182801465,0.7741527388751059
29164,280.4230769230769,45.4778803,9.2269525,21.933236,Fosco_Cancelliere,82,Deck,-2.7175245694728813,-0.5635955142338486,-12.830975944900992,10.26510688652835,3.5922543855203104,-26.39514107365315,1,-1.4702421260585847,0.5770833482033063,-1.248979685748628
29262,281.36538461538464,45.47794520000001,9.2269313,22.123992,Fosco_Cancelliere,82,Deck,0.0405835484165147,-0.6073685247867838,-12.984956627581289,-3.1355506795032544,0.7099733525750649,-2.2256551166718754,1,0.465868089212711,0.0827449346549976,-1.1209619267414386
29361,282.3173076923077,45.4780275,9.2269165,22.846272,Fosco_Cancelliere,82,Deck,-1.7317926869929132,-0.4514256848407201,-10.089837072392957,15.676506790704462,1.1269147697655255,13.374666944438763,1,-0.0633279692188897,-0.079970320058789,0.0136293505655444
29457,283.24038461538464,45.4780903,9.2268995,22.336972,Fosco_Cancelliere,82,Deck,-1.5930732392872713,-0.5276983551408841,-10.82896927424052,-9.584021719536452,4.908221025471028,4.264813780968546,1,-0.2950122622742208,-0.0842689448722541,0.1025073436151995
29556,284.1923076923077,45.4781575,9.2268918,22.824048000000005,Fosco_Cancelliere,82,Deck,1.7945738275747958,1.262475367378764,-11.260357922869686,-1.6544120748559925,0.6484171889428367,8.783741296051794,1,-0.3466820210104882,0.4093518203933132,-1.933997679356798
29655,285.14423076923083,45.4782083,9.2268647,22.820344,Fosco_Cancelliere,82,Deck,0.1853302297951408,-0.5806439238735516,-8.818803696656149,1.2319416408959127,1.3782365494641704,-4.378997758052421,1,-0.0429505624860367,0.1127019772714315,-0.4899914931510487
29755,286.1057692307692,45.4782593,9.2268477,22.933316,Fosco_Cancelliere,82,Deck,1.1598896162660126,-0.076430800909848,-11.301882201370256,12.229758584870806,3.0946570017856314,-0.4788243321803049,1,-0.2896679400280089,0.4490351433251429,0.6789982959846554
29851,287.02884615384613,45.47831179999999,9.226827,22.420312,Fosco_Cancelliere,82,Deck,-0.6528547385396232,-2.0784187852364058,-7.825704475505419,-1.9478942724455528,-4.992256160117162,-13.45552820744416,1,-0.2422965071834784,-1.3159188051684343,-2.2727298538189347
29950,287.9807692307692,45.4783655,9.2268003,22.905536,Fosco_Cancelliere,82,Deck,-1.122289022918622,0.3222767167166587,-10.014979219061772,29.4374392853376,-4.39820924087588,-17.555921826540445,1,0.2352434306537972,0.0495682188383704,0.4543886773438679
30048,288.92307692307685,45.4784145,9.2267688,22.848124,Fosco_Cancelliere,82,Deck,0.6031036542964309,-0.8555133728473391,-10.326098380733209,-12.385730710837985,4.096214985338448,-0.8890414913379683,1,-0.4006130143726681,0.0359469184890479,-1.689236180445988
30147,289.875,45.4784648,9.226741,22.335120000000003,Fosco_Cancelliere,82,Deck,1.9809059837705216,1.5091650800025476,-8.685682933900727,13.306720061630845,11.965245488815668,11.120637536770513,1,-0.1303193929577404,0.0331699046415874,0.7677335357062152
30243,290.79807692307685,45.4785195,9.2267142,22.559212,Fosco_Cancelliere,82,Deck,0.5242556770831577,-0.7281684046057995,-10.279301107015195,-8.742841000776208,7.074208951935401,16.11284072736739,1,-0.4366229762792068,-0.4350039129907585,-0.2272334482301215
30342,291.75,45.4785768,9.2266942,22.524024000000004,Fosco_Cancelliere,82,Deck,-0.0569582317149937,-0.2408462969161817,-9.094356404778734,-12.886309573006312,3.2879958686317825,-19.1791585869596,1,-0.6009114672308205,0.3938876315392813,-0.6099837217222657
30538,293.63461538461536,45.47869650000001,9.2266615,22.831456,Fosco_Cancelliere,82,Deck,0.5736545829869734,-0.099321305806591,-9.214823718111973,14.582439567436165,1.8215319455124173,-14.92902432091682,1,0.0957013104256763,-0.3185611327299569,0.4056914443199098
30637,294.58653846153845,45.4787583,9.2266485,22.80738,Fosco_Cancelliere,82,Deck,2.7146058761759693,-1.4489071183308282,-6.806981352015495,-3.49733612402754,6.415381649762495,-19.84749050866605,1,0.7506780025810709,-0.1711278763149883,1.8331572485719887
30735,295.52884615384613,45.47882050000001,9.2266455,22.88886800000001,Fosco_Cancelliere,82,Deck,0.7111801328376466,1.1109012402726477,-9.541064601447234,3.58722076013322,4.135500614150584,-1.8583313847063407,1,-0.6019409545135106,0.2124201863727719,-0.9982855822256128
30931,297.41346153846155,45.4789223,9.226648,19.540452,Fosco_Cancelliere,82,Deck,3.3489104075920904,0.9064333694355244,-8.99554542107859,-24.35396712569425,35.09284048538249,27.11719161098845,1,-0.4435627929100705,-0.0011767742263817,0.0829424948258861
31029,298.3557692307692,45.47896420000001,9.2266538,16.725412000000002,Fosco_Cancelliere,82,Deck,-3.863771456008168,-1.22929354972767,-7.866447722901193,15.822237196346318,-3.908615758779715,-4.023853479066906,1,0.5691925021518722,-0.4678354825013309,3.1891585874607986
31127,299.29807692307685,45.4790042,9.226655699999998,14.927120000000002,Fosco_Cancelliere,82,Deck,0.0548561306052065,-0.9108517429860428,-12.405894216764612,0.4456623075769692,8.825092627677318,-7.051032966833117,1,-0.1876306453259285,-0.3264669720897839,-2.596201394407548
31225,300.24038461538464,45.479039,9.2266547,13.764064,Fosco_Cancelliere,82,Deck,0.2704570933264608,-1.4117962156466166,-12.862481854427946,3.100871950776221,-1.1521823300667062,-14.690097883087883,1,-0.3713772954522444,0.0829252756645724,-1.5406119414082813
31324,301.1923076923077,45.4790605,9.2266565,10.221188,Fosco_Cancelliere,82,Deck,0.2011823652830535,-0.8320265132765376,-7.680207159733581,-2.0901642943059184,1.540798420034347,-4.672121464147374,1,-1.2572845513319315,0.1122764811265615,-2.988407167816717
31420,302.11538461538464,45.4790788,9.2266713,8.598836,Fosco_Cancelliere,82,Deck,1.4552935657212336,-1.169278082321359,-4.807477601921644,11.684865619513223,10.19430186801786,-25.05278636984568,1,0.5073500133160588,-0.0019648645675709,1.416197754479371
31715,304.95192307692315,45.4791088,9.2267772,11.199044000000002,Fosco_Cancelliere,82,Deck,-1.9184447407553429,0.274260993426774,-7.760143552843576,14.432571284721018,-6.653128177304803,-5.793303126932153,1,0.4071267331127997,-0.3326186153627507,1.1698070299151102
31813,305.89423076923083,45.4791182,9.2268243,11.950956,Fosco_Cancelliere,82,Deck,0.401867927395356,-0.0986324095218315,-7.900117100130492,0.9137298239157876,8.288055532560076,-6.054569592450374,1,0.0021062023154905,0.0914514182480694,2.3500594806870847
32204,309.65384615384613,45.479144,9.227058,16.193888,Fosco_Cancelliere,82,Deck,5.050456241434784,-1.0384337758722888,-3.9832591878466257,-4.373920819729554,28.955253433010785,19.795579485166986,1,1.8023947580526127,-0.6455550158708623,4.175802659062754
32301,310.58653846153845,45.479134,9.2271278,17.332867999999998,Fosco_Cancelliere,82,Deck,-0.6130437357681081,-1.0244103745200357,-8.982797790228041,-2.9414260181173466,-1.052613784769652,-0.2237498289434425,1,-0.1641554672254412,-0.0416318308351643,0.5297482523920785
32400,311.53846153846155,45.4791445,9.2271925,17.608816,Fosco_Cancelliere,82,Deck,-1.982859020006524,0.4429102006131165,-10.294345999264026,-7.742472738480048,-1.1286443011972531,1.2024149852223591,1,-0.3219934418376853,0.1653058389778001,-0.9522994497241156
32496,312.46153846153845,45.4791662,9.227259,18.147748,Fosco_Cancelliere,82,Deck,1.8383467981081048,-1.6355867162848905,-6.886479171844568,-0.8598419465739764,6.841924780883317,-1.92023862321778,1,0.4258065294109093,-0.285809248944775,1.4130060583031527
32594,313.40384615384613,45.4791552,9.22733,18.570004000000004,Fosco_Cancelliere,82,Deck,0.0959507843022667,0.666014007174572,-15.303241234555564,13.478643310576215,9.389379840252433,-3.851941334865488,1,-0.0239100399236285,-0.045978925680466,-1.2468697408381555
32692,314.34615384615387,45.47916179999999,9.2274007,19.049672,Fosco_Cancelliere,82,Deck,0.1332121937288667,-0.8196271682338516,-8.782285287830554,10.983835124279828,-2.9997855650292484,-7.272575808911482,1,0.2004758906204504,-0.3498266105675349,0.8834903799269718
32886,316.21153846153845,45.4792338,9.2275497,21.07576,Fosco_Cancelliere,82,Deck,0.1892127897661262,1.909629360121297,-8.172895454671375,-2.7128725040171418,11.333092113780117,21.605823823666395,1,-0.0764355624929527,-0.2008795086856705,0.9782520637087924
32985,317.16346153846155,45.4792508,9.2276193,20.864632,Fosco_Cancelliere,82,Deck,-0.9208899334648348,0.3464981714272888,-10.22930219760889,5.9628533768232925,0.2038508928914226,-2.9194921736062813,1,-0.0517565540011198,-0.3497143274491429,-0.6236383790046371
33083,318.1057692307692,45.4792615,9.2277003,21.633212,Fosco_Cancelliere,82,Deck,0.0726524376207309,-0.531569049824245,-9.638949714025069,-5.1101535463671866,3.82187838029298,8.591254018542442,1,0.0939484896264403,-0.2151339156435413,0.4801669156786304
33181,319.04807692307685,45.4792665,9.227786,22.505504,Fosco_Cancelliere,82,Deck,-1.0996852107649682,-1.049575747376692,-9.884183912237395,-8.72149639554778,8.11414196593078,19.94675072036398,1,-0.0388410958432388,0.2561281035335838,-0.1114772514871322
33278,319.9807692307692,45.47924129999999,9.227861,22.518468,Fosco_Cancelliere,82,Deck,1.691594224929156,0.6009560311296894,-10.76622716509528,9.285936994813971,3.5503482047725083,25.80739003621237,1,0.0236566358684731,-0.0826626961193732,0.1267896020346146
33376,320.92307692307685,45.4792305,9.2279385,22.74256,Fosco_Cancelliere,82,Deck,0.9781345475421264,1.2223690631324866,-9.977129007428449,7.312545601760327,8.713792003827509,28.89396139703181,1,0.1586825665186134,-0.2137619432065698,0.8492843472402374
33475,321.875,45.4792155,9.2280025,21.455420000000004,Fosco_Cancelliere,82,Deck,-1.2347907056446004,0.6809689460682286,-11.634514831235432,-3.104189365383169,5.620208433248516,5.716501300974891,1,-1.7361475619000029,0.6199300284792041,-1.0053806520090962
33572,322.8076923076923,45.4791942,9.2280468,18.327392000000003,Fosco_Cancelliere,82,Deck,1.5812205208394023,-0.2825479968435176,-9.057954669080267,-6.274968011840192,6.59256246910533,-12.028422078463551,1,-0.4020360963190777,-0.016298297235572,0.8373304539310826
33669,323.74038461538464,45.47918370000001,9.2280763,14.703028000000002,Fosco_Cancelliere,82,Deck,0.6407051932269529,-0.4274493855385894,-10.535112699273212,1.7091638227826595,6.45943983583425,10.945287744441917,1,-0.6242003538873891,-0.0990026663154209,-1.7877914482879582
33767,324.6826923076923,45.4791752,9.2281117,13.069564000000002,Fosco_Cancelliere,82,Deck,0.212525969072599,-0.2450440618038566,-8.421866829435032,4.209298014827265,0.3835169193853334,-6.934863393315196,1,-1.0701317951808935,0.301477900269866,-2.5180527367678454
33865,325.625,45.4791657,9.228128,10.117475999999998,Fosco_Cancelliere,82,Deck,0.9609947624422868,-1.2451157316328292,-4.466312055115215,2.9610140511655216,7.812352783065642,3.6247954243260727,1,3.520115586558908,-1.4152925410935595,8.479774071532313
33961,326.54807692307685,45.4791563,9.2281512,9.050724,Fosco_Cancelliere,82,Deck,-1.5573773921890497,1.0336312054619954,-10.644400904121971,13.363213767415855,1.5389486116745503,3.275135508789874,1,-0.3416087615356409,0.680825370331351,-0.4446473582057724
34059,327.49038461538464,45.479158,9.228176800000002,8.434007999999999,Fosco_Cancelliere,82,Deck,0.7031878052348064,0.0686898830709439,-5.3126083751389785,-0.5623425649106104,0.8965395866180059,5.6660601529405215,1,0.9265276736169162,0.0736162196414844,2.5912520908305208
34255,329.375,45.4791725,9.228258300000002,10.534176,Fosco_Cancelliere,82,Deck,-0.8917837521482374,-1.266783972427023,-10.087676920213948,-9.297137072662888,-1.8333983436543235,-3.125722656636756,1,0.1511689677770585,-0.3126881005681841,1.5074735358715916
34354,330.32692307692315,45.47918920000001,9.2283003,11.084220000000002,Fosco_Cancelliere,82,Deck,-0.5423438354614557,0.6002082768865663,-9.972103882783411,1.4837153173524482,0.481116758172341,-2.47683083697644,1,-1.1627042408605857,0.4507213007154292,-0.6720508881020884
34449,331.24038461538464,45.4791893,9.2283578,12.652864000000005,Fosco_Cancelliere,82,Deck,-0.8431913379208332,-0.2060111716920114,-11.535538317491374,-5.303732328833551,2.6733469357694046,6.81749764157482,1,0.0419455717694439,-0.2350491209036408,0.7042054264737061
34547,332.1826923076923,45.479202,9.2284098,13.315880000000002,Fosco_Cancelliere,82,Deck,-0.7620256491450764,0.4754915120698483,-9.11080193459799,-7.442859260012836,-4.637491328691873,20.51361348678664,1,-0.1887541172537741,-0.5792337842620557,0.3122275891017594
34743,334.0673076923077,45.4791842,9.2285452,16.032764,Fosco_Cancelliere,82,Deck,0.1475036712456661,1.9224998042968309,-10.682573146248597,-3.0769024628620585,11.109391859134094,6.4710675851466775,1,-0.1913700436887093,-0.144866535120274,-0.2082609080375892
34840,335.0,45.4791713,9.228615800000002,17.027288000000002,Fosco_Cancelliere,82,Deck,-1.6922741614078265,-0.6133390420274694,-8.129325658507359,-28.084605425986265,3.37747814554144,-14.229176733234052,1,0.5014958729910735,-0.92658121118067,1.4791055337400394
34938,335.9423076923077,45.4791402,9.2286753,16.897648,Fosco_Cancelliere,82,Deck,-1.0959017254291763,-1.2874017397464108,-9.118217868622668,16.90333955322393,5.630829399036987,-31.979968191686662,1,0.5869370432043768,0.7617176734217463,5.971326703921528
35036,336.88461538461536,45.4791175,9.2287255,16.077212000000006,Fosco_Cancelliere,82,Deck,-1.6073983622550132,-0.5107935957139175,-11.778510569154252,19.74877666234963,-5.030944178860753,-5.205168908268512,1,-0.139990025345684,-0.3891749596015521,-2.0181681392574795
35134,337.82692307692315,45.4791278,9.2288025,17.416207999999994,Fosco_Cancelliere,82,Deck,4.771620933493466,-0.7982796219200959,-8.45978874676322,8.722066397580189,7.933130315188805,14.938963599189991,1,3.090893003028798,-1.393445931286828,-1.579305584435347
35232,338.76923076923083,45.4791427,9.2288847,18.92003200000001,Fosco_Cancelliere,82,Deck,1.4160762231004966,2.6653730693234903,-11.197958396601868,-9.393168331761276,13.891732605404837,36.70343285137498,1,0.7191248821552401,-0.1023922494195539,0.9317336493495088
35328,339.6923076923077,45.4791322,9.228960699999998,19.388588,Fosco_Cancelliere,82,Deck,2.978751913223457,-0.5061805466504877,-7.708466780818077,0.3936478174146658,3.2517969341131137,10.703486405453091,1,1.22646254149562,-0.4692443911904444,1.2758907996474864
35426,340.63461538461536,45.4791342,9.229035,19.268208000000005,Fosco_Cancelliere,82,Deck,2.222348297988692,-0.0286671724800916,-6.9931167836586114,1.8568738319791056,4.914819851706239,-1.3528013189165256,1,-0.4556273971867242,0.8724412675462048,1.2980452642459328
35524,341.57692307692315,45.4791302,9.2291028,18.644084000000007,Fosco_Cancelliere,82,Deck,-0.2458556947851825,-0.6093403768975079,-10.385033419521704,0.5772547521862301,4.371125701221708,-7.018635418632448,1,0.6784269091701556,-0.3387324161569918,1.4279758545211063
35718,343.4423076923077,45.4791567,9.2291963,13.821476,Fosco_Cancelliere,82,Deck,0.2831942444166774,0.0766854797220036,-8.798064812623974,4.9085075320633385,3.19461559192739,-7.140509273072152,1,0.1776125039961167,0.2717744473025309,0.1613156777781981
35816,344.3846153846154,45.4791445,9.2292327,11.863912,Fosco_Cancelliere,82,Deck,-1.39861872527233,0.4260850500707787,-8.63748002999016,-3.541677499392604,-8.96808535547051,5.969146488578075,1,-0.2309056293675842,-0.5085945901691313,-1.093813499583642
35915,345.33653846153845,45.4791565,9.229251,8.574760000000001,Fosco_Cancelliere,82,Deck,0.0881871644666081,-0.3798086149981592,-9.402288667500924,4.3934028940016105,2.039721734688668,3.7072789924514167,1,0.3467763237588901,0.5811507683601548,-0.6109849810343988
36010,346.25,45.4791668,9.2292785,7.2561360000000015,Fosco_Cancelliere,82,Deck,-0.2447397205365397,0.862765388863305,-11.234336277156048,3.948627055818292,7.536553106988824,8.749154454284067,1,-0.3443548430158812,1.2535576453307975,1.046983512403738
36108,347.1923076923077,45.47916770000001,9.2293275,8.885896,Fosco_Cancelliere,82,Deck,-2.52187160514538,-0.8122028051437135,-12.75547859782091,3.9346316839672233,2.120753148858888,-2.5625417020276178,1,-0.8066544502467041,0.1465138669280253,-1.3432861925147344
36206,348.1346153846154,45.4791752,9.2293587,7.669132,Fosco_Cancelliere,82,Deck,-0.2387740876801744,-1.9802648109284948,-9.594766310077755,-19.357967601221176,15.429508515700512,33.97006864010465,1,0.3378847211222249,-1.0750334557583956,-1.008065659135303
36304,349.07692307692315,45.47917,9.229399,7.7321,Fosco_Cancelliere,82,Deck,0.5397973429428226,0.1330790427412302,-9.655001884469003,-11.372173129878972,6.1744479889352215,28.685084620868945,1,0.5389101883678858,-0.5482914730809085,0.8522475478555531
36402,350.01923076923083,45.4791773,9.2294413,7.904336,Fosco_Cancelliere,82,Deck,0.8889879670704404,0.3554414826237521,-10.761189540050609,-4.562345362687289,7.098663436364705,22.73053924003974,1,-0.1286530338505414,0.0290457348704504,-0.1077341906405777
36498,350.9423076923077,45.479196,9.2294725,7.059824000000001,Fosco_Cancelliere,82,Deck,2.732908675921063,0.3234855901630598,-8.548302018911997,-10.225651957787754,12.201503672677935,18.56588216815146,1,1.7907775674473227,-0.1245290731464715,2.6482633678215883
36596,351.8846153846154,45.479205,9.2294913,4.939284,Fosco_Cancelliere,82,Deck,0.4263701686369704,-0.916095762919266,-11.314331863191008,-0.0508918515331466,7.237597442965512,-40.316709241697545,1,0.2858238406961751,-0.3201422653998144,0.9797479514528966
36694,352.82692307692315,45.479214,9.2295123,4.27812,Fosco_Cancelliere,82,Deck,-0.4063900648090627,-0.91374101296364,-12.872414215492544,7.963952245235188,6.402486505775856,-23.4526344402854,1,-0.080373687960308,0.4664466728554372,-1.6150609951792116
36793,353.77884615384613,45.4792165,9.2295278,3.263224,Fosco_Cancelliere,82,Deck,2.5272906026310085,0.8488399849206957,-9.28471994932259,9.331265758635306,1.788605701391642,9.372384303100231,1,0.2571182895368587,0.2504669142200413,-0.3799295990554352
36890,354.71153846153845,45.47922670000001,9.229541,2.985424,Fosco_Cancelliere,82,Deck,-0.4690095350077412,0.4214124809335497,-9.662742993477584,12.427737536666587,-0.542580577454955,-12.577590450099336,1,-1.1201612454974563,0.3767428203189926,-0.3091949653137877
37085,356.58653846153845,45.479271,9.2295717,4.772604,Fosco_Cancelliere,82,Deck,1.7679511883156973,-0.5464160583331479,-7.028642165387844,-2.3625962909321383,13.990093430825784,-11.806961689010803,1,-0.83005545399784,0.1696556994706788,-0.1494930437168005
37184,357.53846153846155,45.4792757,9.229591,4.1299600000000005,Fosco_Cancelliere,82,Deck,-0.4718922820463901,-0.6131741916468533,-11.084124724860777,-12.048821625930474,0.8585460355109493,-2.1881528238866776,1,-0.2901591980534595,-0.0727536128433415,0.1028065797123627
37280,358.46153846153845,45.4792665,9.2296062,3.0613560000000004,Fosco_Cancelliere,82,Deck,-0.1122261854463988,-0.0946323171702928,-10.73502963758886,-4.7230093892240905,3.1540198520228704,5.208659312290486,1,0.3028944869726923,-0.0910737995301499,0.0592718258616127
37378,359.40384615384613,45.4792618,9.229619,2.448344,Fosco_Cancelliere,82,Deck,-0.8300337250031201,-1.2361784052461622,-8.380159315382091,-4.89986256254443,-4.267563358387534,-4.824825835242594,1,0.5579901074028656,-0.1472033724384573,0.3275124779486678
37476,360.3461538461538,45.479251,9.2296323,1.492712,Fosco_Cancelliere,82,Deck,-0.5810229472931824,-0.6591374164318294,-10.121825614300024,-13.985336229915973,5.256962644157923,-0.3611557574110345,1,-0.2835269859541767,0.4598114833509254,0.4734320086606161
37574,361.2884615384616,45.4792422,9.2296353,0.926,Fosco_Cancelliere,82,Deck,0.2418367843434544,-2.3523897786023364,-10.30137555498593,-9.399768414506436,1.3513906580475146,-9.371005734532508,1,0.9251580824316896,-0.2119186566712643,-0.495328067523845
37768,363.1538461538461,45.479242,9.229657199999998,1.033416,Fosco_Cancelliere,82,Deck,-0.7508371388533134,0.4126951738452711,-10.937688532548693,-5.730547331792304,-1.2688364072986742,1.4737678170523012,1,-0.0602542317754555,0.4486541017737725,0.074431118925915
37866,364.0961538461538,45.4792385,9.2296695,0.5000399999999999,Fosco_Cancelliere,82,Deck,1.7706428417156346,-0.8453776492413295,-6.126485044266095,-10.576267870957569,7.677178550636325,-3.337992389291744,1,0.2124839434249401,-0.2886615044095115,1.2001584458464576
37964,365.0384615384616,45.479244,9.2296785,1.201948,Fosco_Cancelliere,82,Deck,-0.97799961006769,0.7392279975684221,-11.938858976295952,5.770828301135976,-1.818764099245331,-7.899053425257746,1,-0.2310605958905508,0.1944831117373641,-1.6228900174842078
38060,365.96153846153845,45.4792578,9.2296833,2.5261280000000004,Fosco_Cancelliere,82,Deck,-2.365190811455245,-0.478039125706825,-11.0046298737841,12.983014084329138,-1.3572172413647712,-9.411331594452829,1,0.5295164997659487,0.2816079210306635,0.3358576395914081
38158,366.9038461538461,45.4792563,9.2296915,1.7668080000000002,Fosco_Cancelliere,82,Deck,0.617235607235838,-0.4931013674727178,-9.84067825165872,-7.414024511149199,4.665876171891727,19.140590583234435,1,-0.0294057078394855,-0.1377487220998464,0.0415249716570862
38256,367.8461538461538,45.47924920000001,9.229710699999998,0.8093240000000002,Fosco_Cancelliere,82,Deck,-2.3326405377531683,-0.2892797693869686,-9.505653576854025,8.794915650939856,2.7341959555461246,13.833307445127538,1,0.457111666544876,-0.4419629120830702,0.7009671355209246
38352,368.7692307692308,45.47925220000001,9.229740199999998,2.116836,Fosco_Cancelliere,82,Deck,-0.4205788672871372,-0.5516674891554345,-8.63493641262922,-10.472575730851156,-2.4618894531068225,25.03812159452409,1,0.6878701578791783,0.645536256941869,0.4737596795583325
38450,369.71153846153845,45.4792583,9.229740199999998,1.579756,Fosco_Cancelliere,82,Deck,-2.5983637540830804,-0.1081385683635916,-11.806377239433589,12.409621799870346,8.707050459833232,29.230061636265248,1,0.2121025197612609,0.0160528518610232,-0.1824125137455965
38548,370.6538461538461,45.4792543,9.2297728,2.392784,Fosco_Cancelliere,82,Deck,0.508852960223761,-0.6479414419587921,-2.7006822022027204,-16.923647451177526,7.98317032373076,-13.707410704946588,1,-0.0510877732346757,0.6532972556333119,7.3348208811111375
38647,371.6057692307692,45.4792613,9.2297688,1.364924,Fosco_Cancelliere,82,Deck,1.371779060501534,0.6700758821301059,-11.233660271151438,12.809177121597262,5.4154357710796655,4.557965767431331,1,0.5431743888301536,-0.1888388837846714,0.7817507178647478
38744,372.5384615384616,45.4792628,9.2297852,1.433448,Fosco_Cancelliere,82,Deck,0.2128728606554715,-0.4229894757717586,-11.827231808454869,0.5379653051093296,-0.3395846457026161,5.5655867356117215,1,-0.496403428447673,0.2551881667327507,-1.3672328429688765
38842,373.4807692307692,45.479255,9.2297918,1.54642,Fosco_Cancelliere,82,Deck,-3.704406862568415,-1.5322995710621796,-14.370335860926412,1.9707665233010527,-8.701451138381177,0.0602007642274315,1,2.5554922711725,-1.601049535212803,4.519196964252037
38940,374.4230769230769,45.4792575,9.2298163,1.903856,Fosco_Cancelliere,82,Deck,1.7066428284930972,1.4037145006912113,-12.858040442529337,-0.7942783603490526,10.600036653980954,12.597895170547956,1,-1.524168756489671,-0.3132726332954738,-3.0983106600240053
39134,376.2884615384616,45.4792543,9.2298332,1.909412,Fosco_Cancelliere,82,Deck,2.988738035495141,-2.2057968278447704,-2.626690471345886,1.7295094119325032,7.791399366081345,-1.2850751124696451,1,2.28516076187466,-0.9711766031888498,4.1231411957233455
39233,377.2403846153846,45.47925479999999,9.2298427,1.6223519999999998,Fosco_Cancelliere,82,Deck,-0.0924288807607142,1.1241991511077614,-6.465239214026053,-3.1423883477261128,-9.829234255298685,2.5270433577005003,1,-0.8826959491928872,0.2336205973488216,-4.013105758497319
39328,378.1538461538461,45.4792578,9.2298343,0.5852320000000001,Fosco_Cancelliere,82,Deck,-0.6192632551610181,1.5759228803111929,-13.859702191674652,5.385900805206977,0.6175970778289929,10.897504578773084,1,0.9745403069304198,-0.4774999714291199,1.4240865618827758
39427,379.1057692307692,45.479258,9.2298152,0.61116,Fosco_Cancelliere,82,Deck,-0.1810537066190214,0.3023789157928413,-9.010120451223733,8.128593353799845,-5.0510795673387685,1.4349412433633515,1,-0.7416211861962063,0.0351187319871896,-3.272323021598022
39524,380.0384615384616,45.4792515,9.2298415,1.2000959999999998,Fosco_Cancelliere,82,Deck,1.9114606741521103,1.488820762383307,-11.118327322411792,-20.7677919338681,19.347668011788627,30.993442856096223,1,0.8644326274060614,0.1471311278229177,2.3807335739115256
39720,381.9230769230769,45.4792563,9.229844,0.433368,Fosco_Cancelliere,82,Deck,-0.1449560233094888,-0.7116579909034284,-9.601683830107111,-0.5129763101289613,5.742720355902669,-0.7310943329880866,1,0.6534557617970752,-0.5177995876766999,0.5931304293174104
39816,382.8461538461538,45.4792587,9.2298498,0.3704000000000001,Fosco_Cancelliere,82,Deck,0.9892404587871824,0.2961364279582386,-8.864041056523995,-14.719949146488007,4.295347753176422,2.2456459347420674,1,-0.1428560881136753,0.0104943411770482,-0.3836472629034179
39913,383.7788461538461,45.4792612,9.2298517,0.540784,Fosco_Cancelliere,82,Deck,1.4705404422493693,0.3759868429359178,-10.574417395936967,-0.3662336193534425,4.1801473477301725,-3.4706303672985466,1,0.1420263004460533,0.0303965075660404,0.5343614705218442
40111,385.6826923076923,45.47925,9.2298605,1.227876,Fosco_Cancelliere,82,Deck,-0.0682260132027522,-1.3625448919712655,-11.978185128650017,4.12309465757046,1.908116768769004,-3.4809980228447888,1,0.2772835924544499,-0.0586535401443459,-1.6459301203583312
40210,386.6346153846154,45.479263,9.229869,3.531764,Fosco_Cancelliere,82,Deck,1.5250703801916248,-0.7464815021623857,-8.509700045834274,7.195805045216553,0.9401604756352712,-9.210093312419122,1,-0.2269700372891481,-0.0623760180946784,0.4361401687330701
40306,387.5576923076923,45.479261,9.2298745,3.642884,Fosco_Cancelliere,82,Deck,0.6933755988710943,-0.5678088874456678,-15.70242194030106,-11.22341081691442,9.484273137961347,-7.938034725341994,1,0.2314358605287228,0.5589216497312396,-3.3928582985560656
40405,388.5096153846154,45.4792683,9.2298953,5.033736,Fosco_Cancelliere,82,Deck,-1.7026153845389755,2.110894652012678,-9.185037969604489,8.695137797253674,11.149627273685525,-15.477089064522817,1,1.1280236848405432,-2.453878054165419,2.5489884934524927
40503,389.4519230769232,45.4792682,9.229914,4.94484,Fosco_Cancelliere,82,Deck,-0.9944140437865402,1.1033322083866184,-9.65274679566598,-0.4712705611157646,2.759659796347924,-8.983173829038119,1,-0.0337640223711057,-0.0239767608099188,-0.0154273631767853
40602,390.4038461538461,45.4792443,9.2299342,3.702148,Fosco_Cancelliere,82,Deck,0.1699129679597273,0.4124198732569443,-9.381942656384886,-0.9308200011319808,2.936041125468992,0.3264186190014531,1,0.1228897091005275,0.025656718433713,0.1169976506731327
40797,392.2788461538461,45.4792068,9.2299597,2.25944,Fosco_Cancelliere,82,Deck,0.2045717741552645,0.5007553630910442,-10.195070253475992,-2.3096325589045974,2.6773743730228383,4.393984135125497,1,-0.0645243145051284,-0.0978606092057562,0.1998025370894787
41092,395.1153846153846,45.4790908,9.2300103,7.296880000000002,Fosco_Cancelliere,82,Deck,0.0056843490406597,-1.4954865173580023,-8.508615715630231,-7.68380515683303,1.9895164017013247,1.4514772242118354,1,-0.0092960232616512,0.1707455341316475,0.3892775965094674
41190,396.0576923076923,45.4790098,9.2300505,11.652784000000002,Fosco_Cancelliere,82,Deck,0.9189543821659036,0.97810027331524,-9.363069510647046,-3.86871028274834,3.0645891006466366,4.732489229342544,1,0.35265901584311,0.2041545172072558,0.3065490744392871
41286,396.9807692307692,45.4789595,9.2300732,12.671384000000002,Fosco_Cancelliere,82,Deck,0.4574165549409731,-0.5457381006602275,-9.381112054995649,-2.6861876457410983,2.55012461567171,7.581692949521877,1,-0.2831624487802405,-0.0575690784152777,0.3454492529288586
41482,398.8653846153846,45.47887,9.2300865,14.321516,Fosco_Cancelliere,82,Deck,4.87482390658947,-0.7133048367957172,-9.382504338076776,3.190525520960183,-15.581785837134188,6.779244627946688,1,-0.2927222303402654,-0.1689462417703287,0.6036015160739368
41579,399.7980769230769,45.4788092,9.2301033,15.5568,Fosco_Cancelliere,82,Deck,0.8154325450310609,0.1596130790329279,-9.30460801169718,-6.2706632940282026,2.384353364561339,17.375467080945597,1,-0.2282261794681799,0.0194068860343823,-0.0293275566463595
41678,400.75,45.4787615,9.2301138,15.730888,Fosco_Cancelliere,82,Deck,1.1443119469696357,0.5777771741523873,-9.261897030749584,4.798157559946368,1.8699396034875368,-11.502500755331164,1,0.4507751962264772,-0.017195481862956,0.2513491005787234
41773,401.6634615384616,45.47874470000001,9.2301108,14.415968,Fosco_Cancelliere,82,Deck,0.6224673218809843,0.6878813797522358,-10.178822332747686,-4.133167888451366,4.004847483779439,9.642126732991567,1,-0.2180333984185416,0.1658038456847703,-0.8632511532914364
41872,402.6153846153846,45.4787115,9.230113,14.110388,Fosco_Cancelliere,82,Deck,0.5329405652395243,-0.7679663002339229,-10.282889667660204,3.2476711955580515,3.4349076868838058,-12.88942841296777,1,-0.0629259172850909,0.1139797122161342,-0.212995075036515
41969,403.5480769230769,45.4786842,9.2301327,12.775096,Fosco_Cancelliere,82,Deck,0.7608813352862701,0.3563455745249833,-8.821089743574216,-8.479913788330151,4.7849855548310485,11.499800065735409,1,0.0635364445814304,0.3310701722522716,0.7551851325925778
42067,404.4903846153846,45.4786562,9.2301638,12.06578,Fosco_Cancelliere,82,Deck,-0.6815507400816673,0.1929306287170062,-9.8261801575037,17.187141866195052,-0.0762051071047791,-12.28832209328018,1,-0.0663486372636125,0.0605506237305208,-0.0738090595880827
42165,405.4326923076923,45.4786452,9.2301893,10.926800000000002,Fosco_Cancelliere,82,Deck,0.7791284275243862,-0.6505230028814415,-10.145039431805415,1.5449422119646496,1.157769340208595,-6.01403404859108,1,0.3034684254961633,-0.082716469720278,0.0077938347794326
42261,406.3557692307692,45.47863529999999,9.2302205,10.400832,Fosco_Cancelliere,82,Deck,0.2198093039251195,-0.8190378629618903,-11.136790425743117,5.594706024175191,-2.511256331082936,-3.7433516542700858,1,-0.1748698887557843,-0.0289058437794633,-1.1104912003649794
42360,407.3076923076923,45.4786217,9.2302507,9.941536,Fosco_Cancelliere,82,Deck,0.450302603761595,-0.2944593288947648,-10.313723093849626,-6.699180692074442,5.578409581411844,-7.111026913648048,1,0.0516219451434065,0.1141984464971169,-0.3590026592860873
42458,408.25,45.4786137,9.230279800000002,9.728556,Fosco_Cancelliere,82,Deck,-0.1175810843855897,-4.264616008217112,-9.135062619571087,8.578306298412809,2.47287542623182,-7.759692922171316,1,-2.2434146102878816,0.3475277670914432,-2.2443944932390574
42556,409.1923076923077,45.478612700000006,9.230329800000002,11.439804000000002,Fosco_Cancelliere,82,Deck,0.7435960653224205,-2.4713947614973457,-11.034655429341033,-1.7808231626670366,4.7517127033854845,-19.93697340061716,1,-0.4375600903429779,-0.0139740702272299,-1.2417769022323777
42653,410.125,45.4786045,9.2303505,9.156288,Fosco_Cancelliere,82,Deck,0.8504535076315907,0.3254168199092752,-8.635938901534784,-11.998298045645466,3.847713568847352,4.626027919908027,1,-0.3724374231469369,0.3950502349834933,-0.8182216132962914
42751,411.0673076923077,45.4786035,9.2303935,10.021172000000002,Fosco_Cancelliere,82,Deck,0.5471808292299172,1.5615486227255608,-9.462966316210524,-20.789840883958146,3.7626888800957774,12.986668468321238,1,-0.0520422617813048,-0.059619571595318,-0.2093705189998207
42850,412.0192307692308,45.47860470000001,9.2304433,11.13978,Fosco_Cancelliere,82,Deck,-0.3806097527215783,-1.1501044558648013,-10.46142390244117,-12.428163883090663,4.618654981935966,8.717544100507519,1,-0.0331050868500334,-0.1448969604097636,0.3246423952651742
42949,412.9711538461538,45.4786162,9.2304703,9.472980000000002,Fosco_Cancelliere,82,Deck,-0.4634203009864802,-1.7753966067949922,-10.23013037667629,-22.3953562258322,3.778479836180439,8.801150060295196,1,-0.0805056358021772,-0.6682064942670598,0.5466549345129739
43146,414.8653846153846,45.4786332,9.230556800000002,10.711968,Fosco_Cancelliere,82,Deck,0.2434138546205028,-1.873643337850752,-9.084214601345447,-26.75270651385416,3.0116048802226985,9.345720160164769,1,-0.1380866219958758,-0.3700654671891713,-0.9454791731282411
43242,415.7884615384616,45.4786158,9.2305788,8.622912000000001,Fosco_Cancelliere,82,Deck,-0.4277592998972571,-2.2551973905562592,-8.955829635698505,2.0791650998776765,4.374807317493928,-18.149077371219548,1,0.2484048462212718,0.131799741359619,0.5695097933542055
43341,416.7403846153846,45.4786215,9.2305752,4.839276,Fosco_Cancelliere,82,Deck,-0.3905686548396421,-0.3432396775321467,-10.37233088417068,-3.148749227397197,2.9339460346317203,-11.231801661072684,1,-0.1543726123010492,0.7139098319882442,-0.0223148679597997
43439,417.6826923076923,45.47862,9.2305693,1.979788,Fosco_Cancelliere,82,Deck,-0.9920886116726148,1.2111532933112532,-9.333721509038712,-9.150579539941967,3.3330162629765274,14.197356858565444,1,-0.2064991390689119,-0.1042021689499352,-0.7989625656157884
43537,418.625,45.4785468,9.230607699999998,3.942908,Fosco_Cancelliere,82,Deck,-0.5634247992666405,1.940541052440824,-10.147002490408902,1.1743697739615258,0.4020556485778632,14.79605936743453,1,0.2148207332893941,-0.3594327729137003,-1.064613144368877
43636,419.5769230769232,45.4785005,9.2306338,4.100328,Fosco_Cancelliere,82,Deck,-0.4023600128158614,-0.9108963007465938,-10.715662585251447,-0.3237046797870744,3.719457519091326,-11.773360459777322,1,0.0339874444148775,-0.4310033834155711,-0.5782245392986187
43732,420.5,45.4784733,9.2306587,3.866976,Fosco_Cancelliere,82,Deck,0.5528614442268558,-0.5462131907686132,-8.249357318274754,-3.058429956227757,5.603930823591766,8.765927441302825,1,0.5764223161646362,-0.1949454102942495,1.3048253132649528
43831,421.4519230769232,45.4784342,9.2306755,4.337383999999999,Fosco_Cancelliere,82,Deck,-0.5268032028538759,0.0761727222200009,-10.17715273279719,12.795940790060468,3.3429370629067847,16.529554437404315,1,0.1143487034229182,0.0142268325404657,0.2647212499729701
43929,422.3942307692308,45.4784135,9.2307118,5.765276,Fosco_Cancelliere,82,Deck,0.3127347483903123,-0.8585321535936837,-10.037616295287217,-1.1466119837072717,4.951547987867725,15.788148585816494,1,0.7016590364531138,-0.0676503094328612,0.5309469875529551
44027,423.33653846153845,45.47839129999999,9.230744,6.802396000000001,Fosco_Cancelliere,82,Deck,0.6374292923350844,-0.3193780511362714,-12.172336390246144,-1.9729836258373303,7.1620805133272425,-13.322540477321011,1,-0.0699624261706577,0.2862032034724298,-1.6648589717707498
44222,425.21153846153845,45.4783775,9.230836,9.308152,Fosco_Cancelliere,82,Deck,-1.0893588091898465,-0.9558620985494352,-10.712997017895464,-3.8985762361987937,6.8373281294763695,6.321688606166776,1,-0.0675598529218959,-0.188482045264375,0.155446492683863
44321,426.1634615384616,45.47841320000001,9.230902699999998,12.308392,Fosco_Cancelliere,82,Deck,0.0798633066117773,0.2033177476758831,-9.612930536311934,6.0919843876502,6.049905947339743,10.916631462199348,1,0.1983413645903244,-0.3152843354433167,-0.7038711923978536
44419,427.1057692307692,45.4784347,9.2309668,14.140020000000002,Fosco_Cancelliere,82,Deck,-0.1157083574028778,-0.5435755189399091,-10.888840347701056,-12.685731377895229,-11.475094932714288,-2.442553556087526,1,0.5000387639252623,-0.3210920601518729,-0.809421198707172
44518,428.0576923076923,45.47844,9.2310165,13.45478,Fosco_Cancelliere,82,Deck,0.0142517460595065,0.6638873556603141,-10.703225081698823,-15.00383485737067,9.13859641344798,31.03157179157675,1,-0.5391124923229759,-0.0770985817360616,0.1184183731045998
44616,429.0,45.4784232,9.2310485,10.665668,Fosco_Cancelliere,82,Deck,-2.752512211425276,0.6149471998927346,-8.961919285153744,2.5700439619661526,-0.4022711898160187,-22.42110186243576,1,0.6838299270942025,-0.0842466050758832,0.9612709092335976
44713,429.9326923076923,45.4784363,9.2310775,9.26,Fosco_Cancelliere,82,Deck,-0.6138606355117211,0.1275030939496306,-9.806324239959952,10.7406344274394,-0.5417367634992099,-2.5140497289660235,1,-0.1176600735880659,-0.1334310714497227,-0.7932501825258527
44812,430.8846153846154,45.4784485,9.2311212,9.921164,Fosco_Cancelliere,82,Deck,-0.4923058845953146,0.3689733989061752,-9.919320599293254,-2.9942843643133346,2.0765889895754617,-1.2987656425642742,1,0.0707827343326562,0.041523883717692,-0.1691588826918941
45008,432.7692307692308,45.4784397,9.2311992,8.880339999999997,Fosco_Cancelliere,82,Deck,-0.5391846278631366,-2.28705042226694,-9.525748509010628,-2.5964146724360115,1.8369593770108168,0.3345983931826746,1,0.0029764694900555,0.0189435578138406,-0.0201457612167264
45107,433.7211538461538,45.4784305,9.2312518,9.726704000000002,Fosco_Cancelliere,82,Deck,-1.4075920418777943,-0.4914810942969484,-9.476385831925665,-3.366539395472304,2.133322363194182,0.6242666793290326,1,-0.0537394661006052,0.0051681640652925,0.1224876950754705
45302,435.5961538461538,45.4784152,9.2313702,12.504704000000002,Fosco_Cancelliere,82,Deck,-0.2465679988257216,0.2824910658535171,-9.787978148812382,-10.726147762982038,3.610052554789207,1.9787197698092165,1,0.0057773309834988,-0.0247503667665186,0.0869393942174987
45400,436.5384615384616,45.4783872,9.231412,11.947252,Fosco_Cancelliere,82,Deck,-0.5658586865209988,-0.0899003202692267,-9.69043690819896,2.5679340110459914,2.0954773992101208,0.6145469159618875,1,-0.0895862220933826,0.0316834530173219,0.1594811305019874
45498,437.4807692307692,45.4783697,9.2314715,13.02882,Fosco_Cancelliere,82,Deck,-0.3962720434189681,0.6062282406018008,-9.91954395150828,0.0222157509935745,2.124592187247607,-0.7871003690862972,1,0.0201171307839327,0.0122405211115916,-0.0469823012752055
45694,439.3653846153846,45.4783802,9.2315623,10.930504,Fosco_Cancelliere,82,Deck,-0.8343324358673186,0.2715772734322079,-9.653793629891128,0.9910307364101976,2.13005701733549,-0.5558057976932949,1,0.0569636117124394,-0.1079741881329214,-0.0157313190092232
45890,441.25,45.4783917,9.231629,8.095092000000001,Fosco_Cancelliere,82,Deck,-0.5924402351859045,-0.0275360989922908,-9.745024297618356,-2.8215022287443245,2.5774013155231668,0.5397855994562892,1,0.038245726810449,-0.0043911951233081,-0.0321351387131763
45989,442.2019230769232,45.47838220000001,9.2316347,4.9226160000000005,Fosco_Cancelliere,82,Deck,-0.7683181043715382,1.0051892025170563,-9.716717188536547,-8.364216025817031,3.1082597600308914,-0.1738200868756108,1,-0.0511521266949774,0.0399501196525839,-0.0009289570544712
46085,443.125,45.4783865,9.2316787,6.237536000000001,Fosco_Cancelliere,82,Deck,-0.5466218839488868,0.9558014446516762,-9.713459350612812,1.0707230974047417,2.176458415560152,-0.0463781696293255,1,-0.0046905516385989,-0.0135427851302454,0.0014754091367965
46183,444.0673076923077,45.4783843,9.231705,5.52822,Fosco_Cancelliere,82,Deck,-0.6255428603385794,0.6987145980278119,-9.728107862983668,-1.340099464757846,2.4364836386236406,-0.1388847652571572,1,0.0040753541392717,-0.0150499895820679,-0.0072444132436704
46281,445.0096153846154,45.4783732,9.2317285,4.4522080000000015,Fosco_Cancelliere,82,Deck,-0.8293625581140541,0.7725797937444522,-9.758754220592074,2.9725586067320093,2.034030443438023,0.0428599008191357,1,0.0079331211435424,-0.0249526147107799,-0.0083829542269828
46380,445.96153846153845,45.4783667,9.231747300000002,0.998228,Fosco_Cancelliere,82,Deck,-0.4649538242633197,0.8217043396963796,-9.728548609290671,-1.4172051653214672,2.436622208164933,0.0780188385553648,1,0.0064469814261624,0.0051888151616144,0.0024120128409368
46477,446.8942307692308,45.478362,9.231771,0.511152,Fosco_Cancelliere,82,Deck,-0.5031057655546421,0.9007387286294782,-9.711445217687602,-2.4384551054597003,2.5293650370499683,0.4784814902046017,1,0.0198371482551373,-0.027464838289032,0.0084386036530421
46573,447.8173076923077,45.4783555,9.2317892,0.309284,Fosco_Cancelliere,82,Deck,-0.5056455651615933,0.8378098498503578,-9.756451969431502,-0.4879751750941215,2.285237301101552,0.1464587658691849,1,0.0114051145273097,0.026371699169879,-0.0087209345443088
46770,449.71153846153845,45.4783528,9.2318232,0.096304,Fosco_Cancelliere,82,Deck,-0.5606233196843707,0.9501230821540506,-9.72446198878485,-0.8424169497961684,2.3554681996866336,-0.0096128615833599,1,0.0113306471530767,-0.0115523639239465,0.0116708260625415
46868,450.6538461538461,45.47835,9.2318377,0.070376,Fosco_Cancelliere,82,Deck,-0.6339776422368679,0.9255263572684944,-9.698602797294694,-0.6074912269380603,2.3340377436862245,0.0098934813279365,1,-0.0141524269316547,-0.0026820792761311,0.0213685919869579
54506,524.0961538461538,45.4783425,9.2318603,0.15742,Fosco_Cancelliere,82,Deck,0.1595018708345017,1.210152870487627,-9.813921247115896,-0.1754981609555779,2.309763635682493,0.3937533586670474,1,-0.0079961238054142,-0.017818673401408,-0.0121081182250648
