,Timestamp,Latitude,Longitude,Speed,Driver,Weight,Placement,Ax,Ay,Az,Gx,Gy,Gz,Confidence,Jerk_x,Jerk_y,Jerk_z
0,0.0,45.47852279999999,9.2325935,10.641592,GuidoWalter_DiDonato,105,Deck,-0.0167543748755165,0.5387394655069987,-9.770837753594687,-0.4642503361041989,2.1522493085788392,-0.6737503733526573,1,,,
1310,12.596153846153848,45.478522,9.2325945,8.893303999999997,GuidoWalter_DiDonato,105,Deck,0.0106731953128674,0.6088306749357669,-9.736006502557911,-0.5100318604124778,2.124095228483397,-0.6848326987070212,1,0.0080420589085982,0.0067923662283679,0.0046965505865035
1408,13.538461538461537,45.4784708,9.2325903,3.948464,GuidoWalter_DiDonato,105,Deck,0.0141442487352086,0.6269669002644843,-9.75505863272694,-0.4792873114696001,2.08321620534546,-0.659870080151495,1,0.0086910904491687,0.0065530183683562,-0.0167994329020473
1504,14.461538461538463,45.478462,9.2325853,2.485384,GuidoWalter_DiDonato,105,Deck,0.0088570663308424,0.6102201836205016,-9.741034881592164,-0.5179689518816004,2.081957483051359,-0.6857924354306997,1,0.0087587374760073,-0.0026194010862445,-0.0072383021786031
1603,15.413461538461537,45.4784597,9.2325553,2.3131480000000004,GuidoWalter_DiDonato,105,Deck,0.0044393709742581,0.6119826782287769,-9.746804338066593,-0.5252243756999135,2.0403077543030053,-0.6453995748313837,1,-0.0068593293522165,-0.0136618541480871,0.0021711920585829
1701,16.35576923076923,45.4784492,9.2325383,1.6001280000000002,GuidoWalter_DiDonato,105,Deck,0.0130689293321787,0.6323190546675966,-9.744411432956928,-0.5293527415807784,2.077374882092313,-0.6766385907684134,1,0.0053392110236294,0.0073336356080586,-0.0020656632428366
1800,17.307692307692307,45.47846079999999,9.232517,1.00934,GuidoWalter_DiDonato,105,Deck,0.0173842030908695,0.6162222362884066,-9.76366932104019,-0.5129229341220056,2.112944958158818,-0.6544396098573415,1,-0.0020393968918374,0.0021012685677723,0.001797918105721
1897,18.240384615384613,45.4784667,9.2324998,0.6463479999999999,GuidoWalter_DiDonato,105,Deck,0.0182239880783645,0.616390076103439,-9.732245762258842,-0.3596058760209857,2.1130145804352294,-0.6327228568309406,1,0.0042759341518914,-0.0118030363360432,0.0151237178924734
1995,19.18269230769231,45.4784773,9.2324872,0.4000320000000001,GuidoWalter_DiDonato,105,Deck,-0.0014270602168745,0.6132248507393517,-9.716505168614432,-0.5462089741593279,2.036868872798568,-0.6993725520913463,1,0.0037514681950538,-0.0017711829222206,0.0004531030520791
2094,20.134615384615387,45.478474,9.2324703,0.048152,GuidoWalter_DiDonato,105,Deck,0.0216556076897496,0.6388871319340961,-9.754539114862522,-0.461131066132801,2.1323584172080885,-0.6523179382473154,1,-0.0038860150796836,-0.0081737430029867,0.0079624854201973
2291,22.028846153846157,45.478481,9.2324355,0.227796,GuidoWalter_DiDonato,105,Deck,0.0089182750027022,0.6203156428568949,-9.751956732410012,-0.4718789262891861,2.112878242903128,-0.6941416555957325,1,0.0052183403588528,0.0038307823028995,-0.0004013072273885
2486,23.903846153846157,45.478484,9.232407,0.483372,GuidoWalter_DiDonato,105,Deck,-0.0097530538901906,0.6082827473748612,-9.703691072192244,-0.4894187586631085,2.0931212205471,-0.6915607454659236,1,-0.0081711610920503,-0.001282156741122,0.0155626539444231
2585,24.85576923076923,45.478489,9.2324043,0.140752,GuidoWalter_DiDonato,105,Deck,0.0158035987661075,0.6355626855046829,-9.760170495933776,-0.4460303487366044,2.094532541011444,-0.6572698944849202,1,0.0008651643445878,0.0030353600484072,-0.0019564342632527
2782,26.75,45.47849650000001,9.232403,0.190756,GuidoWalter_DiDonato,105,Deck,0.0208029641740467,0.6296063740161679,-9.750519186412388,-0.4683290293777689,2.1076951937386275,-0.6753595516934281,1,-0.0012360071807767,0.0033952825506938,-0.0043151977997446
2977,28.625,45.4784977,9.2323998,0.079636,GuidoWalter_DiDonato,105,Deck,0.0095590973492767,0.6273977013392923,-9.758123551106095,-0.525053747316115,2.1491000080287352,-0.6612269860270859,1,-0.0084187613331661,-0.0098131278181503,0.0014219956838523
3174,30.51923076923077,45.47849650000001,9.2323943,0.088896,GuidoWalter_DiDonato,105,Deck,-0.0025753017954694,0.6175950661842161,-9.738089020866996,-0.4727564089593028,2.092696849431753,-0.6370134249239001,1,-0.0092798765459056,0.0008689186340833,0.0054536068348358
3468,33.346153846153854,45.4784943,9.2323923,0.038892,GuidoWalter_DiDonato,105,Deck,0.0072932266293394,0.6205255379381048,-9.731528396913337,-0.5470553486904346,2.114966120010339,-0.7151714150020316,1,0.0084958402722734,0.0101789823034315,-0.0075730085247371
3764,36.192307692307686,45.4784938,9.232395,0.142604,GuidoWalter_DiDonato,105,Deck,0.0093172009339883,0.6353951027784807,-9.753267956962604,-0.4749713380957705,2.142178728932608,-0.6234724616624803,1,-0.0059276753789214,-0.0046912822180438,0.0016197085732567
4056,39.0,45.4784958,9.2323952,0.19446,GuidoWalter_DiDonato,105,Deck,0.0123128459015655,0.6238343545241721,-9.74386506021948,-0.5164070297384797,2.104411863935058,-0.6635304192167713,1,-0.0024997423136361,0.0071692271092747,0.0053617061329855
4250,40.865384615384606,45.4784957,9.2323927,0.261132,GuidoWalter_DiDonato,105,Deck,0.0069312378790637,0.6015060584940365,-9.751603135759323,-0.4727390618929239,2.0688038862569345,-0.6786226534144193,1,-0.0068794189570097,0.0010509557793738,0.0089252352268971
4838,46.51923076923077,45.4784915,9.2323765,0.414848,GuidoWalter_DiDonato,105,Deck,0.0082419167660599,0.6097083390422501,-9.72571432310389,-0.5266876109890766,2.099998962788454,-0.6789969769133224,1,0.000249660061279,-0.0116237867610546,0.0076535290919643
5132,49.346153846153854,45.478492,9.23237,0.550044,GuidoWalter_DiDonato,105,Deck,0.008719923107407,0.6105934780141714,-9.745174017201148,-0.4717998748627599,2.0866973875485613,-0.6403408366085763,1,-0.0019837413217775,0.0051951495847566,-0.0073347811110835
5329,51.240384615384606,45.4784862,9.232370199999998,0.609308,GuidoWalter_DiDonato,105,Deck,0.0040660672966009,0.6170041789667325,-9.756405206326944,-0.4622077817975709,2.092114247242081,-0.6540300757418374,1,-0.0039369035683884,-0.0082195022793176,0.0019614843588069
5619,54.02884615384615,45.47847700000001,9.2323738,0.9204440000000002,GuidoWalter_DiDonato,105,Deck,0.0094518077503959,0.6369896923406996,-9.751134458073302,-0.4876644313503684,2.0902195096018183,-0.6743675743659159,1,0.0013204904258439,-0.0004493171688402,0.0001563832436115
6010,57.78846153846154,45.47846970000001,9.2323795,0.9019240000000002,GuidoWalter_DiDonato,105,Deck,0.0001693642567867,0.6309651456961264,-9.739964360594074,-0.4870638729741992,2.110567396882656,-0.6400853717838517,1,-0.0019569285545546,-0.0016613850676558,0.0106018441130792
6597,63.43269230769231,45.4784567,9.2323867,0.5796760000000001,GuidoWalter_DiDonato,105,Deck,-0.0104310854006208,0.6143661738442888,-9.752710275929116,-0.4721984085094221,2.0913844823268217,-0.6352576439768507,1,-0.0016845618049058,-0.0047159039308204,-0.0087316954344043
7476,71.88461538461539,45.4784467,9.2323897,0.477816,GuidoWalter_DiDonato,105,Deck,-0.0031052419573728,0.6163946268505588,-9.730819643800992,-0.4966831176261653,2.0360913861279344,-0.6947901734730317,1,0.0025581968622637,-0.0037189386432852,-0.0026946115341619
8063,77.52884615384616,45.478441,9.2323942,0.766728,GuidoWalter_DiDonato,105,Deck,0.0064553368218365,0.6136798851261996,-9.754978474068556,-0.500027477472686,2.063902120400207,-0.6861443019501818,1,0.0040848763379636,0.0021472112021672,-0.0029197460221528
8159,78.45192307692308,45.4784428,9.232393,0.6926479999999999,GuidoWalter_DiDonato,105,Deck,-0.0047441695923997,0.6293455353239561,-9.747689412334545,-0.5332700827239578,2.05419938849501,-0.6717444778516048,1,-0.0093467238992704,0.0029250627227933,0.0121246564535137
8844,85.03846153846153,45.4784665,9.2323915,0.418552,GuidoWalter_DiDonato,105,Deck,0.0130162368541876,0.6241579552993607,-9.752779031855011,-0.4645116603697659,2.105020835581008,-0.6574669987353827,1,0.0073789752777093,0.0010520031866703,-0.0025040487739751
9722,93.48076923076924,45.4784903,9.2323803,0.057412,GuidoWalter_DiDonato,105,Deck,0.0023483426820698,0.6371800098477259,-9.7648253244593,-0.4932678274400164,2.041773812009739,-0.7058233013469879,1,0.0038959956616879,0.0050043382128501,-0.0021478764291131
10210,98.17307692307692,45.4785018,9.2323725,0.118528,GuidoWalter_DiDonato,105,Deck,0.0041793977248302,0.6243301908632811,-9.75023046762923,-0.5003493070582681,2.079146706170132,-0.7161205988828785,1,0.0020779634326216,-0.0088820889833236,0.0061252944279921
10503,100.9903846153846,45.47850579999999,9.2323683,0.070376,GuidoWalter_DiDonato,105,Deck,-0.0025945622938349,0.6173612484341028,-9.7438585963772,-0.5185146894378471,2.0626530207720046,-0.6614378309243714,1,-0.0025452414413704,-0.0015496545705149,0.0130213984624933
10797,103.81730769230772,45.4785068,9.2323618,0.3500279999999999,GuidoWalter_DiDonato,105,Deck,0.0252777390215225,0.6309358157042911,-9.761596576934796,-0.5128187918485518,2.09128845264004,-0.7331791098972689,1,0.00311751146859,0.0083224317514822,-0.0017438086783858
11087,106.60576923076924,45.47851,9.2323557,0.17594,GuidoWalter_DiDonato,105,Deck,0.0082277207530309,0.6208466626078596,-9.76682155510505,-0.4609563235859469,2.071248701700906,-0.6590145023599899,1,0.0032719907628815,0.0019194706972143,-0.0085806393596801
11187,107.56730769230772,45.4785095,9.2323532,0.37966,GuidoWalter_DiDonato,105,Deck,-0.0020577807503155,0.6308335822804086,-9.746801363823367,-0.4371327271955772,2.0970642013561167,-0.6689686555836039,1,0.0062350476530331,-0.0054567132883027,0.0024357171464828
11382,109.44230769230772,45.4785138,9.2323485,0.11112,GuidoWalter_DiDonato,105,Deck,0.0018859450428694,0.6323073750152112,-9.75016044057076,-0.5161088091666843,2.0604311932258708,-0.6491414975915903,1,-0.0074644518229618,-0.0068430342771428,0.0108115888319524
11480,110.3846153846154,45.4785183,9.2323465,0.355584,GuidoWalter_DiDonato,105,Deck,0.0156059396549094,0.6379889301595946,-9.762558485544217,-0.4758690127818354,2.088237192042381,-0.6560797976042245,1,0.0065753389578942,0.0072177040373242,-0.0091242108114162
11676,112.26923076923076,45.4785198,9.2323422,0.242612,GuidoWalter_DiDonato,105,Deck,0.012088896045582,0.6253589301089338,-9.754155835164982,-0.5336979250442968,2.058600507517125,-0.7031381304477735,1,-0.0038830297426835,-0.0051112775480377,0.0104104687261941
11972,115.1153846153846,45.4785277,9.232336,0.08334,GuidoWalter_DiDonato,105,Deck,-0.0011530029153424,0.6257261390164194,-9.760199409171712,-0.4914556051902177,2.102285947645366,-0.7049399415064377,1,-0.0080319752317875,-0.0023240360504059,0.0065170122314395
12265,117.93269230769228,45.47853170000001,9.2323297,0.227796,GuidoWalter_DiDonato,105,Deck,0.0187480053058156,0.6411345222211854,-9.744789201276486,-0.5164538154451477,2.093834840767335,-0.7144473379757583,1,0.0026537009870218,0.002194310009449,-0.0047032799836426
12366,118.90384615384616,45.4785297,9.2323273,0.16668,GuidoWalter_DiDonato,105,Deck,0.0136812274432182,0.6265508714139462,-9.764601220565789,-0.5143646749040007,2.117401954222456,-0.6827915190656322,1,-0.0056208961268502,0.0037217273115148,-0.000776740094567
12462,119.82692307692308,45.478531,9.2323247,0.105564,GuidoWalter_DiDonato,105,Deck,-0.0092041637051738,0.6311653185599228,-9.740358343719816,-0.4799412964991277,2.1001865058931,-0.7247735452294757,1,-0.0058992445148168,0.0071823281633498,0.0014224448096982
12756,122.65384615384616,45.47852520000001,9.232318800000002,0.20372,GuidoWalter_DiDonato,105,Deck,0.0187829441941981,0.6210510816580478,-9.75883302798491,-0.5524989348198113,2.066980830064019,-0.7370454290531416,1,0.0008486639282367,0.006933367979633,-0.0055230684456351
13048,125.46153846153848,45.4785255,9.2323128,0.1037119999999999,GuidoWalter_DiDonato,105,Deck,0.0045079324124579,0.6164587017059665,-9.753149374378085,-0.4990572120627368,2.061833017525682,-0.7411105434554921,1,-0.0016027838743267,-0.0025968947619401,-0.007286383893911
13343,128.2980769230769,45.478524,9.2323098,0.072228,GuidoWalter_DiDonato,105,Deck,0.0020952491844016,0.6337401943102421,-9.747314710766217,-0.5161574239001254,2.075032995837266,-0.7525813831907371,1,0.0068287627388819,0.0034836107355491,0.0028175140549162
13440,129.23076923076923,45.4785255,9.2323083,0.066672,GuidoWalter_DiDonato,105,Deck,0.0001706349347554,0.5908880586190223,-9.729843798047042,-0.5211736776357632,2.08326832365366,-0.7612126360482225,1,0.0006404238391418,-0.0080640507533145,-0.0125860544225062
13635,131.10576923076923,45.4785243,9.232307,0.153716,GuidoWalter_DiDonato,105,Deck,0.0068793010025794,0.6421027221724115,-9.753901202808017,-0.5378470897013998,2.051716182929088,-0.7208477186320748,1,0.0003877842784086,0.0025211422250523,-0.0057530353988664
13733,132.0480769230769,45.47852520000001,9.2323058,0.183348,GuidoWalter_DiDonato,105,Deck,0.0016393078356258,0.6053076839107215,-9.741133473401854,-0.5130452208577432,2.0875363050934297,-0.7560506432348477,1,-0.0013824134686633,-0.0047642012731756,0.0074717444927632
14417,138.625,45.4785183,9.2323032,0.050004,GuidoWalter_DiDonato,105,Deck,0.0150337008532677,0.6105579949287311,-9.77304481147224,-0.5181402277183573,2.091768843344556,-0.7552657096334441,1,0.0126753907684813,0.0102927448721337,-0.0093123781046244
14807,142.375,45.4785225,9.232301800000002,0.125936,GuidoWalter_DiDonato,105,Deck,-0.0022535760598871,0.6091277341859244,-9.761591883750716,-0.5400855532320352,2.0658283531400548,-0.6900963045276454,1,0.0044244377092526,0.0030336169047522,0.0037069552863631
15101,145.2019230769231,45.4785192,9.2323022,0.4315160000000001,GuidoWalter_DiDonato,105,Deck,0.0064093141067828,0.6368367993619274,-9.756395544858249,-0.5104108526387869,2.0910949753530725,-0.7493588212447628,1,0.0008748809756733,-0.000980473897908,-0.0013589815688757
15295,147.06730769230768,45.4785217,9.2323,0.107416,GuidoWalter_DiDonato,105,Deck,0.0203333692174102,0.6372618449903976,-9.7628016963503,-0.4909053607568769,2.1070669922749565,-0.6917006820356368,1,-0.0032765453609962,-0.0065787420572365,0.0005952700215008
15785,151.77884615384616,45.4785108,9.2323002,0.192608,GuidoWalter_DiDonato,105,Deck,-0.0164658606668003,0.5786977125928306,-9.74174648608695,-0.5542117315510171,2.0795012851904424,-0.7271683887926521,1,-0.0035273054250868,-0.0037999777653892,0.0176004933387137
16570,159.3269230769231,45.4785023,9.2322975,0.348176,GuidoWalter_DiDonato,105,Deck,0.0227167192942915,0.6343561710131617,-9.74702720637385,-0.5689535267829835,2.071085281677957,-0.7388711742931502,1,0.0014754099228124,-0.0151859535391569,-0.0043451438407551
18924,181.9615384615384,45.4784548,9.232296,0.1852000000000001,GuidoWalter_DiDonato,105,Deck,0.0148366973606243,0.63629007134588,-9.752026332966263,-0.6026544036879358,2.0734163010812865,-0.7419939992796403,1,-0.0008860880720851,-0.0055793741201912,-0.0032749837621146
19903,191.375,45.47847,9.2322945,0.059264,GuidoWalter_DiDonato,105,Deck,0.0030944870013408,0.6260270232079902,-9.733025395053373,-0.4964677897172858,2.0464489739491643,-0.7205037038614179,1,-0.0009633386752874,0.0070274067456757,0.0083962827861174
20098,193.25,45.47847270000001,9.2322968,0.044448,GuidoWalter_DiDonato,105,Deck,0.0167247928937563,0.6325049715910253,-9.747791725917564,-0.5314046330961104,2.045483513761912,-0.7719192138622342,1,0.0040869041057738,-0.0039418845818096,-0.0043724157154976
20489,197.00961538461544,45.4784735,9.2323,0.0851919999999999,GuidoWalter_DiDonato,105,Deck,0.008542143197224,0.6298116210180543,-9.741570729557608,-0.5234321658932584,2.1155774146964657,-0.8142409542014173,1,0.0060877414025211,0.0057689628974539,-0.0010114150165296
20784,199.84615384615384,45.4784705,9.2322977,0.298172,GuidoWalter_DiDonato,105,Deck,-0.0059764750003596,0.6229086047236901,-9.737001989374392,-0.5412394454620704,2.101265902329327,-0.7920852790616691,1,-0.0029045580207456,-0.0039647957666495,0.0065203245574636
20979,201.72115384615384,45.4784748,9.232296,0.062968,GuidoWalter_DiDonato,105,Deck,-0.0019715687852974,0.6142229072324711,-9.753559441129994,-0.5593821850180993,2.0530275828206026,-0.7845436969477548,1,0.0066809862030305,0.0055961021727071,-0.0053067022196415
21272,204.5384615384616,45.4784755,9.2322925,0.070376,GuidoWalter_DiDonato,105,Deck,0.0021054316542899,0.6217988286309496,-9.744461501998147,-0.5390072049991335,2.1073981839671467,-0.7128824742508373,1,0.0048366162639417,0.0072284504460229,-0.003086642062799
21862,210.2115384615384,45.47850070000001,9.2322927,0.112972,GuidoWalter_DiDonato,105,Deck,0.0051960812994811,0.6141183982172386,-9.752169930180685,-0.5491480794840151,2.1150904630799103,-0.7615844157569782,1,0.0010894940139851,0.0013472848130093,-0.0032149029994723
22059,212.10576923076923,45.4784968,9.2322913,0.133344,GuidoWalter_DiDonato,105,Deck,-0.0053188760172567,0.6306406800921959,-9.744779850079931,-0.5477724671486284,2.0796722782126738,-0.7568342833288666,1,-0.0026459598228095,-0.0043978113752389,0.0135851568412306
22256,214.0,45.4784968,9.2322898,0.105564,GuidoWalter_DiDonato,105,Deck,2.4291495679340525e-05,0.6279404937715695,-9.738707034789003,-0.5537251242355223,2.0820340980467056,-0.7830070852020965,1,0.002796643479398,0.0014719160822056,-0.0017949229454057
23042,221.5576923076923,45.47851179999999,9.2322953,0.059264,GuidoWalter_DiDonato,105,Deck,0.0022390113500834,0.6077116261574064,-9.75539577609725,-0.5002915952614875,2.083368976943262,-0.7800774649272659,1,-0.0086370472773452,-0.0209846249004579,-0.0022405405465786
23828,229.11538461538456,45.478538,9.2322973,0.5481920000000001,GuidoWalter_DiDonato,105,Deck,-0.0043810387167235,0.6247945231650432,-9.745453050762102,-0.5487764754955196,2.1121949648323297,-0.7887476849172836,1,-0.0096052343461399,-0.0057440029055295,0.005283982469173
24710,237.59615384615384,45.4785438,9.2323077,0.244464,GuidoWalter_DiDonato,105,Deck,-0.004151012668827,0.6235174232872319,-9.752741211390733,-0.5687218415844217,2.04422015681121,-0.8376601163480926,1,0.0015066227119401,0.0082838820782482,0.0011084774070599
25201,242.3173076923077,45.47854,9.2323075,0.12964,GuidoWalter_DiDonato,105,Deck,-0.0154280939852597,0.6331378731622753,-9.751638875738903,-0.5947160572221617,2.1006507729383848,-0.8387697476343128,1,-0.011328449595335,-0.0146326774262111,-0.0047720708721978
25398,244.2115384615384,45.4785348,9.2323045,0.459296,GuidoWalter_DiDonato,105,Deck,-0.0017068334439334,0.6419228631484598,-9.746649946227745,-0.615690902139876,2.1127520155066817,-0.8086865212540282,1,0.0129718216982374,-0.0012024289990473,-0.0051069566322361
25497,245.1634615384616,45.4785373,9.2323045,0.8296959999999999,GuidoWalter_DiDonato,105,Deck,0.036784763382791,-0.003082569177777,-9.84588653520036,5.370387532049287,1.4144336678635794,0.9106233410322604,1,-0.0063989009340069,-0.0333262513871385,-0.0076501336929144
25595,246.10576923076923,45.478539700000006,9.2323077,0.577824,GuidoWalter_DiDonato,105,Deck,0.4226964592078562,0.3388614439602774,-9.837148100040952,-6.232811572352299,2.3377981873546,0.2446792943158345,1,0.1073501188999191,0.0511534632843814,-0.1047974058391698
25693,247.0480769230769,45.4785403,9.2323058,1.4704880000000002,GuidoWalter_DiDonato,105,Deck,0.0657525997836374,1.1571057175225774,-9.552769578878976,-8.997775495728511,1.8973800786481403,68.3076134987255,1,0.0032223940425718,0.1287969188406386,0.0538796231575346
25793,248.00961538461544,45.47854270000001,9.232307,1.3908519999999998,GuidoWalter_DiDonato,105,Deck,0.6928505169750001,0.3471535131560851,-8.937193825901668,13.795437336514407,0.8092101448443256,12.510731791912823,1,-0.5915956416166119,1.6198168502737271,2.644444372480045
25987,249.875,45.4785282,9.2323073,1.357516,GuidoWalter_DiDonato,105,Deck,-1.3302597078720806,0.5657137994060321,-10.18411611035522,-5.600571351566229,0.9325185415110352,-2.879197716100507,1,-0.0588978683734884,0.0633115899450959,-0.2009376634341197
26086,250.8269230769231,45.47852320000001,9.2323098,0.718576,GuidoWalter_DiDonato,105,Deck,-0.28068352983866,0.5430067796128893,-8.103359068442668,3.9757602827053113,2.446794470918604,-11.247141732555946,1,0.0112623573649197,-0.0033800985938616,0.7982598612383534
26283,252.72115384615384,45.4785237,9.2323078,1.011192,GuidoWalter_DiDonato,105,Deck,0.4471970235704896,0.5424062385835268,-9.820528617469211,-5.118106074947884,2.615500203651319,-2.6696010373025967,1,0.0525694273047969,-1.7248262721647475e-05,-0.017197334965564
26971,259.33653846153845,45.4785115,9.2323253,0.427812,GuidoWalter_DiDonato,105,Deck,0.1148962029027611,-0.6110621687473455,-9.83822566970058,-0.4167522998149216,2.072203625669915,-0.7581447867283844,1,0.0070428191250434,0.0084084172329443,0.0115753915238077
27165,261.2019230769231,45.4785138,9.2323227,0.2481680000000001,GuidoWalter_DiDonato,105,Deck,0.021645242764428,-0.5900733105226502,-9.804451911906757,0.157216991819197,2.060622731548758,-0.759848286613356,1,-0.0058327698147831,0.0114939765790614,4.162100089644128e-05
27363,263.1057692307692,45.4785128,9.2323153,0.322248,GuidoWalter_DiDonato,105,Deck,0.0480796550092949,-0.3088371769951309,-9.82524209618866,-0.5162402788719032,2.097349877896733,-0.8105247526321078,1,0.0027563467560655,0.0079156154771801,0.002337490965468
27652,265.88461538461536,45.4785072,9.2323142,0.298172,GuidoWalter_DiDonato,105,Deck,0.0638367377865615,-0.3868882516710379,-9.83690694714264,-0.3804073126607333,2.051784633188045,-0.7352984589298321,1,0.0093445657760082,-0.0016181961458821,-0.0074544741424986
27750,266.8269230769231,45.4785075,9.2323128,0.135196,GuidoWalter_DiDonato,105,Deck,0.095386036524074,-0.3955033527184851,-9.860680110869346,-1.8491518815763268,2.272417445735736,-0.7149036015066867,1,0.0057064183998302,-0.0204102392881544,0.014428877510566
27948,268.7307692307692,45.4785047,9.2323118,0.08334,GuidoWalter_DiDonato,105,Deck,0.3040753444204621,-0.1698596272110746,-9.815900352192344,4.193623423810447,1.4230891727901964,-2.085992778904965,1,0.0228714149650717,-0.0565372875287636,0.01251959991618
28145,270.625,45.4785045,9.232309,0.06482,GuidoWalter_DiDonato,105,Deck,0.2251631727832887,-1.49778421349446,-9.774231616362108,-3.6496864390820862,2.438331000240946,-1.3025331044985613,1,0.0023146110069488,-0.0012581051567763,0.0024091050186552
28241,271.5480769230769,45.4785047,9.232311,0.292616,GuidoWalter_DiDonato,105,Deck,0.0433393358828644,-0.8022372098211563,-9.786137209604863,-10.18606186008476,3.1045073752095185,0.1270092033998766,1,0.0024884460385138,-0.0337399140416424,0.0333268154553394
28439,273.4519230769231,45.4785008,9.2323113,0.087044,GuidoWalter_DiDonato,105,Deck,0.452149453893808,0.11143792901624,-9.813553711766431,0.2106598505179602,1.9833206063692144,-1.286062317520365,1,-0.0766915382841453,-0.0069001524134777,0.0052027241630874
29028,279.11538461538464,45.4784865,9.232319699999998,0.162976,GuidoWalter_DiDonato,105,Deck,0.6339031082436681,1.6552941483615542,-9.576998792460726,-4.286638854334128,2.5133715941791936,-0.73530131634325,1,-0.0059615457070636,0.0516980392302757,-0.0192740562385047
29617,284.77884615384613,45.47847700000001,9.2323278,0.08334,GuidoWalter_DiDonato,105,Deck,-0.0154285287771201,-0.0941865486768546,-9.74532093000198,0.9836324464118742,1.91953359653496,-0.6400700574464944,1,0.0142778732835439,-0.0046795714207476,-0.0074953820157315
30108,289.5,45.478468,9.2323387,0.005556,GuidoWalter_DiDonato,105,Deck,0.0677499618644703,-0.3217702496684491,-9.84885098866726,2.3373576656703263,1.7875918217868945,-0.7961159248506133,1,0.0104776449421687,0.0027653193098782,0.0006051456974525
30698,295.17307692307685,45.478469200000006,9.2323443,0.164828,GuidoWalter_DiDonato,105,Deck,-0.0058155693185328,-0.4944449590780002,-9.781524472276612,2.4867158779697376,1.8034301938706687,-0.6437111845782137,1,0.006067660012597,0.0140182568681037,-0.0143924160640089
31092,298.96153846153845,45.4784667,9.2323523,0.5037440000000001,GuidoWalter_DiDonato,105,Deck,0.1650568863841525,0.6497863566412501,-9.744377601136192,0.2192064677028472,2.123643530175773,-0.8582884234647272,1,-0.0054723313970043,-0.0416622338205768,0.0083883259301273
31191,299.91346153846155,45.478468,9.2323525,0.1500119999999999,GuidoWalter_DiDonato,105,Deck,0.8207458941873604,0.9894218679588656,-9.807578286941403,-1.987438881634048,1.554102032247446,0.1411579280233184,1,0.1636205358026892,-0.0025553939437044,0.0946106371418391
31287,300.83653846153845,45.4784658,9.2323563,1.17602,GuidoWalter_DiDonato,105,Deck,2.4232343991177463,0.5689171839398178,-9.43161633551408,5.981564775591653,2.840426191924851,-6.768620090637258,1,0.1119268922076015,-0.0063494400786756,0.4836934231512782
31385,301.77884615384613,45.4784647,9.232372300000002,5.5782240000000005,GuidoWalter_DiDonato,105,Deck,3.4580339779410885,-2.690726616849674,-7.920234256412537,26.82960488581913,-0.3757663915966445,-33.96171786930946,1,0.6190720771411216,-1.7141659353346577,2.4227145930210865
31582,303.67307692307685,45.4784543,9.2324378,10.336012000000002,GuidoWalter_DiDonato,105,Deck,-0.0030882144348479,-1.4008004759399864,-12.325630674130776,2.902493505861833,-0.177687026114067,-16.267724775245,1,0.6453022150301447,-0.289327564725415,0.4636348103579682
31778,305.5576923076923,45.478441,9.2325418,13.06586,GuidoWalter_DiDonato,105,Deck,-0.3108352645979912,-0.7633440842758992,-9.47966219213785,0.7037565898604288,1.8019529662434008,-9.902831260537296,1,0.0512309319104229,-0.4159392804831439,0.0600530203753706
31874,306.4807692307692,45.4784363,9.2326017,17.119888,GuidoWalter_DiDonato,105,Deck,0.0465672702898172,-0.3396745554715856,-9.312372554672953,-1.513706941143373,4.494584078271321,-1.5275651825042234,1,-0.1523320188067717,-0.1210220903928092,2.2276198111749395
31972,307.42307692307685,45.4784273,9.2326695,18.401472,GuidoWalter_DiDonato,105,Deck,0.9694212586882192,-2.2868693325165963,-8.429856117379444,-7.854473787841477,8.88807995799242,-6.9191949542715525,1,-0.3184169015349305,-0.245619366887206,0.3135885021938307
32070,308.36538461538464,45.4784235,9.232741,20.11272,GuidoWalter_DiDonato,105,Deck,-2.724867653280458,-1.276533927109187,-7.565182965967213,3.811511444233152,0.5909363612680809,-8.079473128810115,1,-0.5060714474106938,-0.3583425115836578,-0.9102441492886816
32168,309.3076923076923,45.4784225,9.2328095,19.8164,GuidoWalter_DiDonato,105,Deck,0.92775790643868,-1.415813227717924,-8.71832442285247,-1.587776550422228,4.5404788828432565,-1.9298639009902177,1,1.2559657756940088,0.1188916042576697,2.6700904731133352
32365,311.20192307692315,45.47843820000001,9.2329538,19.925668,GuidoWalter_DiDonato,105,Deck,-3.0191243968917094,-0.1674347113775418,-12.382473119129576,-2.2537670415434867,-6.688643889459192,-2.257591004605209,1,-1.5791222846339112,0.4224954628042557,-2.7562421623977738
32461,312.125,45.4784528,9.2330228,20.049752,GuidoWalter_DiDonato,105,Deck,-0.0972525782419456,-1.272121022721032,-9.235446081445444,-4.109921195190728,4.05901251237051,-9.1242162341864,1,-0.4911968094838669,-0.4353169566139452,0.5956672810939807
32558,313.0576923076923,45.4784745,9.2330877,19.108936,GuidoWalter_DiDonato,105,Deck,0.4395677626177085,-1.2023799320775157,-8.299294497302022,9.813496917466397,-0.3149619389081826,-6.209859752005791,1,-0.0834974028412645,0.1116008689497602,0.46159781231413
32657,314.00961538461536,45.4784937,9.2331523,18.697792,GuidoWalter_DiDonato,105,Deck,-0.7262781284441862,-1.0847153818615285,-10.491832386336643,14.58551548091765,1.925826937449814,-5.518073518500748,1,-0.336344835975256,-0.1863768550109944,0.3655564938087768
32755,314.95192307692315,45.4785052,9.2332117,16.558732000000006,GuidoWalter_DiDonato,105,Deck,-0.6798578598243872,-0.8092000549483774,-10.777797824006226,6.82390308808109,2.031245249143471,8.907265779116413,1,0.3431346234383676,0.071825258138125,-0.2902923586806629
32853,315.89423076923083,45.4785035,9.2332748,16.592067999999998,GuidoWalter_DiDonato,105,Deck,1.4812208190004534,-0.0113916840546162,-7.101305485157237,-3.295641589029908,9.174151000760078,21.709195719786987,1,-0.049177115567629,-0.4749888907947532,0.7214330765247965
32951,316.83653846153845,45.4784907,9.2333433,17.682896,GuidoWalter_DiDonato,105,Deck,-0.462718547581963,0.0908777703493086,-10.882864390465024,-4.059908195191015,-0.757790065267808,2.1796669644318287,1,-0.3048703392977073,0.0821467869837863,0.8120986507293768
33047,317.75961538461536,45.4784823,9.2334062,17.540292,GuidoWalter_DiDonato,105,Deck,-0.9681988034139551,0.5368619402590079,-9.346596811921234,11.593816087370982,1.8794612461826576,-9.604370154694085,1,0.5411147518551344,0.6985853750525344,-0.3389887954384712
33145,318.70192307692315,45.478479,9.2334648,17.099515999999998,GuidoWalter_DiDonato,105,Deck,0.6907898826301834,0.1905831116603156,-7.546523877476258,-9.241634816890416,2.6183771940426173,3.530416024806774,1,0.3074345105512844,0.2128595917446822,1.4959167324026987
33243,319.64423076923083,45.4784803,9.2335237,18.144044,GuidoWalter_DiDonato,105,Deck,0.8986274589784005,-0.7932200478789346,-9.735428917744342,-2.908287237775437,0.6520565855847806,-1.2682085379645702,1,0.2654429226970125,-0.1283067974936587,-0.5643088338949909
33636,323.42307692307685,45.4784928,9.2337815,19.771952,GuidoWalter_DiDonato,105,Deck,0.3138749736797386,-0.5294302654854578,-9.261437672312416,-6.877548993457102,1.72521669270307,-5.467103899413441,1,0.4812033470893627,-0.3225679433677988,-1.6465797464639709
33732,324.34615384615387,45.478501,9.2338448,19.375624,GuidoWalter_DiDonato,105,Deck,-0.6249153118836213,-1.0313288534421243,-8.594899816633584,8.078880319904899,0.0124544110794113,1.7715208238131686,1,-0.4018050529416152,-0.3942086172797464,0.2857194112695875
33830,325.28846153846155,45.4785072,9.2339142,20.109016,GuidoWalter_DiDonato,105,Deck,-0.6922241026154328,0.8286826708153804,-9.876431957509569,5.8662933001505975,-0.7885166227356901,-3.7151256228937175,1,0.4374098552803183,0.3096912324615095,-0.2181184014959498
34223,329.0673076923077,45.478512,9.234162,12.995484,GuidoWalter_DiDonato,105,Deck,0.1534429664784309,-0.2476448025397806,-10.016054893455202,-5.582941488505536,4.413697335780109,-4.237343956094124,1,-0.0489504299254612,-0.0650923197542013,-0.1315156256254805
34321,330.00961538461536,45.4785152,9.2341993,11.271272000000002,GuidoWalter_DiDonato,105,Deck,-0.2584134089716476,-0.049729678296139,-10.027566522931831,-5.8138631912463445,-0.3890128455280584,-17.60624379452136,1,0.7633353825670619,0.0778383027235146,1.7141695929650869
34515,331.875,45.4785298,9.2342568,8.321036000000001,GuidoWalter_DiDonato,105,Deck,-0.2094724132864694,-0.6125746556406644,-10.388302636015425,2.680566889616072,2.7233318078873614,21.14597676709493,1,0.0631452807125252,-0.167831360401593,-0.7118396655814934
34613,332.8173076923077,45.47852750000001,9.234279199999998,6.8098040000000015,GuidoWalter_DiDonato,105,Deck,1.1661491691762782,0.165969762536593,-8.677717372514307,-2.2941002300691333,6.338224135776371,17.537894237584432,1,-0.7420913847339592,0.0046040235780165,0.1593121044490768
34711,333.75961538461536,45.4785155,9.2342905,7.307992,GuidoWalter_DiDonato,105,Deck,0.5190526023196578,-0.9726406414792312,-10.315576003630849,-6.730850585222878,7.077090966696973,35.21691309102522,1,-0.0073052197446676,0.01380172764371,-0.0006464549389519
34809,334.70192307692315,45.4784967,9.2342938,9.884124000000002,GuidoWalter_DiDonato,105,Deck,-0.6528154949751244,-1.6924725743694349,-11.70940995399064,3.858101463696983,5.350072780739046,19.513250431749192,1,-0.7593362373047292,0.2085948259744603,0.5311223258861837
34908,335.65384615384613,45.478471,9.234287,13.341808,GuidoWalter_DiDonato,105,Deck,0.8213472497838066,-1.0002401904663456,-10.508901074149476,-1.6435705387516717,8.180350848768093,17.296361394818472,1,0.2353437052489449,-0.3350327900621507,0.8098443159822484
35004,336.57692307692315,45.4784342,9.2342862,15.706812,GuidoWalter_DiDonato,105,Deck,1.381274721483289,-1.3904093457299669,-8.193931987610277,-10.032279203161169,2.5308084859151987,-1.2632574955779257,1,0.0867009929103543,0.0287204086142482,-0.1119950314174023
35101,337.50961538461536,45.4783952,9.2342883,16.808752000000002,GuidoWalter_DiDonato,105,Deck,1.0763320909184553,-1.0252116241991152,-9.407789893442596,1.1094672712561855,1.6076670771084631,-1.2417192517812836,1,0.0265149960833444,-0.0897989553871907,0.8825038303261774
35200,338.46153846153845,45.4783505,9.2342933,18.16812,GuidoWalter_DiDonato,105,Deck,0.6964223835920975,-0.8283780454386651,-11.065719649494298,9.855242267340948,-4.291104328138833,-14.264269711518404,1,-0.3734885845546521,0.1013009873456562,-3.4082463689072813
35298,339.40384615384613,45.4783005,9.2342955,20.646096,GuidoWalter_DiDonato,105,Deck,3.7114635585459386,-1.765656181088076,-8.49715478315379,8.048734834167483,7.997207056853273,-11.321777160440911,1,0.1284387020804636,0.445953936727117,0.2476145074941876
35396,340.34615384615387,45.47825020000001,9.2342942,20.65906,GuidoWalter_DiDonato,105,Deck,2.556122937103756,-0.3254575749767406,-7.997733905230652,2.022111058672753,3.498295536177794,-4.26477365732429,1,0.983413254961462,0.2214943695681198,2.898069116307364
35492,341.26923076923083,45.4781948,9.2342978,22.166588000000004,GuidoWalter_DiDonato,105,Deck,0.4523565179379897,-1.7793716473243175,-5.04909483906217,-4.190961613934887,1.708267084606176,-3.6509279331277233,1,0.7726554573323205,0.0380113528452408,1.757958524307086
35590,342.21153846153845,45.478147,9.234307199999998,19.52934,GuidoWalter_DiDonato,105,Deck,-3.0824854764276046,-2.2452615968574468,-22.784022707346693,6.590392717856799,-5.071333735348962,-11.053762529479323,1,0.8885870361243309,0.2141564775738986,-5.4877071723501984
35688,343.15384615384613,45.4781133,9.2343283,15.58458,GuidoWalter_DiDonato,105,Deck,1.1050602004182122,-1.3775660745784233,-11.426886416198217,6.285332680689268,1.187507860022006,-9.697948749674811,1,0.9223524793291428,-0.2298935877258379,1.580502559883474
35787,344.1057692307692,45.4780588,9.234324,21.060944,GuidoWalter_DiDonato,105,Deck,0.7441193450284893,-1.030842315241619,-7.756310408237307,-5.897997862395853,11.169349657667391,-4.067775192089199,1,-0.6164152705985789,-0.410078961437646,-2.0602299015513266
35885,345.04807692307685,45.4780035,9.2343252,23.046288000000004,GuidoWalter_DiDonato,105,Deck,0.0949848989138436,-2.1526868495491023,-7.083669768744607,-3.7789912653193634,-2.3305463614181736,-9.81137943929697,1,-2.006851663184736,0.435164771058262,-3.7870106426911274
35982,345.9807692307692,45.4779478,9.2343323,22.424016,GuidoWalter_DiDonato,105,Deck,-1.4331443506246406,-1.0608951717890638,-12.569702112703734,9.240920550321768,-2.191200649999666,-10.43205437543989,1,-2.161836536422217,0.7571764124061013,-3.759879074107997
36177,347.8557692307692,45.47784420000001,9.2343358,19.264504,GuidoWalter_DiDonato,105,Deck,0.0257349509144956,-1.2276260231501572,-12.454060348103962,7.987461362080178,4.382495053873706,-8.054741051474664,1,-0.3450040435631351,0.285973852922232,0.1874783606674839
36275,348.79807692307685,45.4777965,9.2343322,19.48304,GuidoWalter_DiDonato,105,Deck,2.312969361752973,-1.1816142719435696,-8.92060640662855,3.2380961981617227,4.8526657449143045,3.2807666478319097,1,0.4010271351796211,0.5088569633631526,0.7402971575055091
36373,349.7403846153846,45.477747,9.234325300000002,20.609056,GuidoWalter_DiDonato,105,Deck,2.8179973817590365,-0.6130160626319223,-6.510544292751138,-11.406483102715011,3.80694419458718,5.730484668806063,1,-0.0241025620110915,0.0789017116099475,0.9218531408563652
36471,350.6826923076923,45.4777018,9.2343167,19.560824000000004,GuidoWalter_DiDonato,105,Deck,0.6071965885625823,-1.6044320227515505,-6.768934123749441,2.0498061453465435,3.1437402054949,-2.4913987732746192,1,-0.2146663179824048,-0.1985045440727111,0.0233170411322216
36569,351.625,45.4776518,9.2343203,19.794176,GuidoWalter_DiDonato,105,Deck,2.290220826082616,-1.6336072272360949,-5.970577259099041,7.312283238453089,13.307483640432036,-3.9023358906723575,1,0.6551931328135041,-0.3350074627248919,2.054297698364561
36668,352.57692307692315,45.47760529999999,9.2343152,19.75158,GuidoWalter_DiDonato,105,Deck,-0.6813025002221091,-0.9270555770659475,-11.725255278783042,8.72672361445925,4.176024636635859,-4.252010199604077,1,0.2874133989471941,0.2715642229808496,0.9701707861979418
36765,353.5096153846154,45.4775593,9.2343232,18.970036,GuidoWalter_DiDonato,105,Deck,-1.1943233850410124,-1.1900191623592469,-9.051723644681216,3.1278327629414124,-1.4632893754596,-0.9252708165575392,1,0.8243289505192549,0.1109972970343062,2.118216574023613
36960,355.3846153846154,45.47747,9.2343307,17.125444,GuidoWalter_DiDonato,105,Deck,2.5395788675642947,-2.566530246774203,-6.656978491418313,2.150653123507265,-20.039931999078952,-10.923394337758396,1,1.9351903229663927,0.6943227848931905,1.7720704389297897
37254,358.21153846153845,45.4773477,9.2343522,15.101207999999998,GuidoWalter_DiDonato,105,Deck,2.331670702591272,-1.1818291895045427,-9.42336995526377,6.737081543463352,0.0987729151512901,-6.0410491783534574,1,0.3158687372296551,0.2511665744513429,-1.561307415429809
37352,359.15384615384613,45.477316,9.23435,14.403004,GuidoWalter_DiDonato,105,Deck,-2.4675887164898653,-1.928749217565208,-10.808192693939592,3.186992219735984,-5.805811662677841,7.16724833609157,1,0.6674829216573812,-0.6445358539855129,0.0697678182769738
37448,360.07692307692315,45.4772868,9.2343565,12.812136,GuidoWalter_DiDonato,105,Deck,1.887134080772541,-0.2535606511525849,-10.216792636271617,-3.635252787578072,11.250088937175777,-0.4846898630283052,1,0.1742864301881634,0.009822280399657,-0.9692061180254292
37645,361.9711538461538,45.4772298,9.234373,10.876796,GuidoWalter_DiDonato,105,Deck,0.2190568607638362,-0.8292727672208414,-7.663783173630371,-1.73140406708904,2.216111411199444,11.318989620762766,1,0.4956188308011698,0.2781839724544853,0.7273850529726857
37742,362.9038461538461,45.4772043,9.2343693,10.793456,GuidoWalter_DiDonato,105,Deck,-0.3409240495938324,-2.693715133748151,-8.375465441236692,2.9440472363918704,8.11549837257525,11.012126081803949,1,-0.1013962831065356,0.1654328853725877,0.1496006166047454
37840,363.8461538461538,45.4771825,9.2343615,9.404456,GuidoWalter_DiDonato,105,Deck,-0.8995325868139055,-0.3315045672423205,-9.896991611040953,-6.182684371224728,4.029405154931611,30.24370055148448,1,0.2733615119134687,0.1572572182533269,0.6731734150094244
37939,364.7980769230769,45.4771715,9.2343375,8.708103999999999,GuidoWalter_DiDonato,105,Deck,0.7193966365369572,-0.3184394378654664,-7.610165655101402,-16.427472692038435,-3.1885804498767385,43.200721084189865,1,-0.9047719905189632,-0.2101248826530204,0.4628376189441665
38035,365.7211538461538,45.4771617,9.2343105,8.721067999999999,GuidoWalter_DiDonato,105,Deck,-1.8528689159724343,-1.4644514284488177,-4.325690144243579,0.7739071003608009,-29.83498741160463,-12.714472942306775,1,2.5812275652115657,-1.425854360263493,-0.2668772744984906
38231,367.6057692307692,45.4771488,9.2342552,9.513724000000002,GuidoWalter_DiDonato,105,Deck,1.5379950457427791,1.0803471875715314,-10.148290600447009,-5.546006660568116,12.624417911003093,13.26862448410182,1,-1.2147886780565609,1.4842936138067395,0.1162477316625256
38329,368.5480769230769,45.4771525,9.2342192,9.7693,GuidoWalter_DiDonato,105,Deck,0.4150921344092707,-0.582253790217693,-12.075174147374804,-4.150766676953706,0.3336892225825094,-5.075802894391336,1,0.2054368236525496,0.2827188180280292,-0.606530740790582
38427,369.4903846153846,45.4771598,9.234194,8.709956000000002,GuidoWalter_DiDonato,105,Deck,1.3693290911600642,0.1786102494675798,-7.722150306768142,-2.286109989562227,6.196808956085875,4.994053776814028,1,0.5151456090123879,0.6764561359795606,5.364581167276165
38523,370.4134615384616,45.477159,9.234152,9.984132,GuidoWalter_DiDonato,105,Deck,1.6261625944898068,-1.649454835711261,-6.900813767545529,6.704787216489367,-0.6189276731713607,-6.336824840261157,1,0.6514943939214439,0.0207639959278518,1.7529374168535998
38719,372.2980769230769,45.4771802,9.234048800000002,13.875184000000004,GuidoWalter_DiDonato,105,Deck,-1.1844174665577447,0.0939530744464189,-11.404987297864803,-8.2514324451929,5.153036977239717,5.120129290003928,1,-0.8829303451247041,0.3899132977273856,-0.0427844379982307
38818,373.25,45.4771852,9.233978,16.588364000000002,GuidoWalter_DiDonato,105,Deck,-0.0795998081292634,-2.322756619867369,-9.712593892915915,4.901535757034808,-2.879648190950189,-10.83488418887154,1,1.0291881924068418,0.3046055026501073,1.8529125313571573
39013,375.125,45.4771785,9.2338328,19.260800000000003,GuidoWalter_DiDonato,105,Deck,-1.6975276444787302,-1.3204809093795848,-9.656111500170969,-0.0921233318853178,-4.453356406813966,2.6223355318399326,1,1.0020580764323064,-0.0305933840787417,0.6811736024688262
39111,376.0673076923077,45.4771777,9.2337652,18.744092,GuidoWalter_DiDonato,105,Deck,-0.5621838729855462,0.2928069773605044,-13.969626886768468,1.4337416076622858,4.306125188328354,1.7510415323222714,1,0.7200014062445652,0.0825168093162837,-0.134307488318031
39209,377.0096153846154,45.4771865,9.2337088,17.203228,GuidoWalter_DiDonato,105,Deck,-0.4021481721455206,-1.3010767663524772,-9.22109705996673,1.1079118646539352,2.4489971172809057,-11.99823249100888,1,-0.5748444481688608,0.1423452513634937,-1.3038592593753418
39308,377.96153846153845,45.4771798,9.2336462,16.27908,GuidoWalter_DiDonato,105,Deck,4.870649974713666,-1.8571073368687752,-3.6764216071291935,-3.626216814842479,10.583777313135393,-1.2734206846877951,1,2.7605676174852776,-0.6020455941216885,4.535082198991762
39404,378.8846153846154,45.4771758,9.2335905,14.777107999999998,GuidoWalter_DiDonato,105,Deck,-1.5167103665494768,-0.8608876984259708,-7.228554960759197,-0.2749225734497229,0.3790189629816183,1.1371729636481032,1,1.5008962617117163,0.0799749648370715,5.931020416916268
39502,379.8269230769232,45.477174700000006,9.2335222,16.673556,GuidoWalter_DiDonato,105,Deck,-0.7656467493423109,-0.3290472097395032,-9.73930615559577,-1.868635076571984,-1.385860512976877,0.8731370906909204,1,-0.6814531086244147,0.5424822340345794,1.6462374020196435
39699,381.7211538461538,45.4771683,9.233448,10.382312,GuidoWalter_DiDonato,105,Deck,3.314692367905672,-0.3740937891826754,-7.197218958647941,-3.2614477824522297,13.35297890073355,3.5737955168504465,1,-1.1541086810982475,0.1988933536857706,-0.6027552210116616
39798,382.6730769230769,45.4771533,9.2334138,9.552616,GuidoWalter_DiDonato,105,Deck,-0.787999879809753,-1.1158020496432388,-8.097421289334973,-3.8850282620514527,-0.0807136202272484,-0.4343796508175765,1,0.7360560797675215,-0.022856189411708,0.6121560268211752
39898,383.6346153846154,45.4771403,9.2333647,10.700856,GuidoWalter_DiDonato,105,Deck,3.729586566046833,0.3427849135881056,-9.655734594623834,1.7164609912493485,11.373733770943932,0.8140116348704796,1,-1.015676688309333,0.0501151899760771,-1.8071627033612216
39994,384.5576923076923,45.477141,9.2333275,9.8156,GuidoWalter_DiDonato,105,Deck,-0.7817078717999166,-0.7462268100170095,-11.551521581431905,-1.6173142732222354,-2.0805794260456207,3.6938491812267022,1,1.0272701987621422,-0.4999073173284817,0.4455458360622551
40092,385.5,45.4771318,9.2332753,10.984212,GuidoWalter_DiDonato,105,Deck,0.3692708629599107,-1.4810860478770866,-11.050372644384709,0.8318998807733595,1.7368030759598982,-9.525305807747973,1,-0.97814886544156,0.138506149588907,-1.2432160424730352
40192,386.46153846153845,45.4771158,9.2332183,12.71398,GuidoWalter_DiDonato,105,Deck,0.6981758180938205,-2.399729191153784,-9.150990693492872,-1.6962109687685003,1.3429171614808273,-8.69588805962084,1,0.5791781837105123,-0.2451560064095832,-2.582917028227425
40290,387.4038461538461,45.47710900000001,9.2331498,14.614132,GuidoWalter_DiDonato,105,Deck,0.4253705251231771,-0.9429301529161344,-10.208310554514355,-5.878274969685488,3.6787784793701337,5.0265699421666135,1,-0.4934588319225125,-0.05837385761,-1.2432971753577018
40487,389.2980769230769,45.4771213,9.233035,14.34374,GuidoWalter_DiDonato,105,Deck,-1.0484397444692868,-0.9633797180018948,-12.696689667939587,10.127702165188287,6.26059396821282,-9.20662814724156,1,0.4352872060892374,0.2203260163687084,0.9604426485108792
40585,390.2403846153846,45.4771153,9.2329947,12.652864000000005,GuidoWalter_DiDonato,105,Deck,3.214087433044303,-0.3692065474598125,-5.784153288298148,-3.0357376180389046,18.974721011112383,-4.5033699273677605,1,1.0147796117352892,-0.1101899299607636,3.761668981859392
40681,391.1634615384616,45.477114,9.2329465,11.210156,GuidoWalter_DiDonato,105,Deck,0.1799839511442154,-0.1301173937289637,-8.33126941483005,-8.471729632130014,7.295977380261933,5.4481161099048,1,1.041588259329842,0.036700301003306,1.963847858823668
40878,393.0576923076923,45.4771392,9.2328295,11.05644,GuidoWalter_DiDonato,105,Deck,-2.7381647850205324,-0.3662445073017046,-0.4988287813562855,-17.11937868258335,-17.38246373213764,17.525408020755904,1,-2.3869746439339874,-0.334880559812866,-0.7611690269723268
40976,394.0,45.47716120000001,9.2327878,10.437872,GuidoWalter_DiDonato,105,Deck,-2.563907097401461,0.1575849896188822,-12.511586488238482,-5.187438649045745,-1.8499317337343384,5.830267493645255,1,0.007840854062683,-0.1935541836060164,0.2276456805059581
41075,394.9519230769232,45.47716370000001,9.2327382,9.347044,GuidoWalter_DiDonato,105,Deck,0.2713304177949805,-0.9519683437776096,-11.531925387577765,-4.574418376895065,2.712739861740193,1.3665874371226598,1,-0.6640805595891698,-0.3641808042802426,-0.0212873197836138
41171,395.875,45.4771797,9.2326987,9.135916,GuidoWalter_DiDonato,105,Deck,0.3931203555629876,-1.1999427368822968,-9.791096997183692,2.1275112082096466,1.574948665566304,-4.167995572018137,1,0.1113677751338231,-0.1720665187105969,-1.2364702673159833
41367,397.7596153846154,45.4771838,9.2326232,6.8338800000000015,GuidoWalter_DiDonato,105,Deck,-0.9782308291845944,-0.6934549869263645,-9.456425164985443,-7.184149514253972,-0.0707054051793463,8.92250546782138,1,-0.6732553462780599,-0.1066059934794238,0.4197426354719233
41466,398.71153846153845,45.4772085,9.2325685,9.3063,GuidoWalter_DiDonato,105,Deck,0.5524808603690898,-0.4050279852645117,-11.76599671198766,-9.87411170286032,2.944945330590344,-1.0130936069809904,1,-1.9736357761613168,0.485483855391758,0.0412391112785677
41659,400.5673076923077,45.4772203,9.2324177,13.123272000000002,GuidoWalter_DiDonato,105,Deck,1.6779841084647094,-1.2455100007623234,-12.161047003110554,5.7786238214625625,6.543662581378287,-5.3252892282438085,1,0.1208746356611108,-0.1172435839619305,-2.7083848023922528
41758,401.5192307692308,45.4772385,9.2323367,14.477084,GuidoWalter_DiDonato,105,Deck,0.4730373918530979,0.0095703551338236,-1.9900591901563391,-3.175016595241353,3.0824613163380654,-1.5211935806538053,1,-2.3341546726455977,0.4050434633245849,1.3823263351500803
41855,402.4519230769232,45.47724270000001,9.232256800000002,14.008528,GuidoWalter_DiDonato,105,Deck,4.394374436435034,-1.2842010552998175,-9.58800490325878,-4.541051685708529,4.769366397469708,3.0859737284647832,1,-0.9404229438581302,0.3155826034549412,-4.234455620507267
41952,403.3846153846154,45.4772377,9.2321605,16.179072,GuidoWalter_DiDonato,105,Deck,-4.387553979853336,0.8985833070660095,-18.09307499885431,2.464092628942638,-0.8504822089289608,2.3354470185756258,1,-0.3356844981382023,0.4898051747544072,1.193656150876052
42050,404.3269230769232,45.4772433,9.232061,16.879127999999998,GuidoWalter_DiDonato,105,Deck,-2.3927971603507925,-0.1546235688054114,-13.750466986216452,-1.2495556679476048,-3.9411849908748087,-3.358823216340044,1,-0.2204594671628284,0.0412179778762686,-0.504229269969418
42149,405.2788461538461,45.4772497,9.2319812,14.808592,GuidoWalter_DiDonato,105,Deck,-0.4314312701384777,-1.5694070048441278,-8.897969073950016,-1.3361130180461698,-0.0186116733403936,-0.2858822697719399,1,-1.2282074009795014,0.2653197103717506,-2.0265412485118084
42346,407.1730769230769,45.47724229999999,9.231848800000002,13.814068,GuidoWalter_DiDonato,105,Deck,-2.1848259595444435,0.8659181698168964,-8.387098786671993,-8.911018381596811,0.5282659426567369,9.90250240645657,1,0.5725446904984106,-0.6970217818954515,-1.2296877309392509
42541,409.0480769230769,45.4772267,9.2317357,12.138008,GuidoWalter_DiDonato,105,Deck,1.4340488294295168,-0.3731851837826027,-10.35408554418792,10.97138971858426,8.736432022460598,5.150077083456288,1,0.007999670093634,0.0118908997211485,-0.3776551333479095
42640,410.0,45.477236,9.231655,14.536348,GuidoWalter_DiDonato,105,Deck,0.3813359312215979,-1.1527658603881306,-9.389352580465845,-6.831605628476206,3.746787930807757,-3.007759240172016,1,-0.6415766212036661,-0.0162648047012543,-0.2155351603020463
42736,410.9230769230769,45.4772353,9.2315722,16.256856,GuidoWalter_DiDonato,105,Deck,0.893714312934683,-0.8280166060058417,-10.180519632330988,1.6494059532097007,4.61345194485622,0.3615321720655862,1,-0.0722011105265156,-0.1635127536370575,-0.3094354535760661
43226,415.6346153846154,45.477195,9.231131800000002,19.1682,GuidoWalter_DiDonato,105,Deck,0.9845719457754364,0.2343714594186745,-7.735626243651994,-9.075641619109216,5.071666575392609,7.6843518005989795,1,-0.2565011791417074,-0.2683746902578621,-0.5749057373476639
43520,418.46153846153845,45.4771842,9.2309147,16.004984000000004,GuidoWalter_DiDonato,105,Deck,0.2973038166409509,0.0258178579697326,-10.008922021674548,-1.7664778173110234,3.1026720985213734,-1.557920666546628,1,-0.2709556789141485,0.1571462246536812,-0.2162716329231457
43616,419.3846153846154,45.4771775,9.2308455,16.236484000000004,GuidoWalter_DiDonato,105,Deck,-0.5556278655773871,-0.7810686698557231,-10.33934611349498,4.677152740131389,-2.655195526696056,-3.0494039014504413,1,-0.1768244520973382,-0.1005937753581256,-0.7790513495708264
43715,420.33653846153845,45.4771733,9.2307767,16.090176,GuidoWalter_DiDonato,105,Deck,-0.480530291510491,-0.594524098269802,-10.554487969007925,-4.261220046510667,2.379565192251801,0.3832946563976423,1,-0.2743379794580813,0.1642983335554178,-0.8585737445532402
43812,421.2692307692308,45.4771727,9.2307142,15.145656,GuidoWalter_DiDonato,105,Deck,-0.0903453539132562,-0.9034752097161708,-10.046534845868337,0.0682912919470295,6.458804494439996,2.8279534523213163,1,-0.0560272901624251,-0.2834788871820694,-0.2115940193032664
43910,422.21153846153845,45.4771688,9.2306612,13.16772,GuidoWalter_DiDonato,105,Deck,0.3688022183598072,-0.9690244721412136,-9.920448209055513,1.672294043422251,3.3162344058590447,-18.660106234145328,1,-0.0659757135754143,-0.1151615568691071,0.8241728468174774
44009,423.1634615384616,45.4771568,9.2306085,11.249048,GuidoWalter_DiDonato,105,Deck,0.9569534549329396,-0.4398003663854753,-10.256811248737892,-13.077995451402169,4.863005842788767,-17.367430005814807,1,0.1629987309571337,-0.2559630188536904,-0.4573584207804622
44203,425.0288461538461,45.4771315,9.2305242,6.956112000000001,GuidoWalter_DiDonato,105,Deck,-0.0494521108367326,-0.2038688339563068,-9.480266717062024,-7.138816079575676,-0.6234756511970074,16.65177736607103,1,-0.0518318673467024,-0.0675632129318795,0.342807663659654
44399,426.9134615384616,45.4771237,9.2304792,3.2743360000000004,GuidoWalter_DiDonato,105,Deck,-1.4590299788773922,1.5097671583218872,-9.714259948989492,-9.94010722473944,3.2611600157741782,2.499697917927869,1,-0.05872393005885,0.0343869809877035,0.3013714942663306
44495,427.83653846153845,45.47711870000001,9.230465,1.827924,GuidoWalter_DiDonato,105,Deck,0.0417664813046609,0.9084475242049111,-9.679361699723396,-5.28582440936649,2.8921599003468708,-0.7327115367969608,1,-0.0059510224627872,-0.026399620268672,-0.0153992220947163
44789,430.6634615384616,45.4771007,9.230427,1.057492,GuidoWalter_DiDonato,105,Deck,-0.047808056539895,1.0533126462298776,-9.737079806674243,1.4850296904635676,2.0383084231285564,-0.8921373064095102,1,-0.0211980477807478,0.021386600893321,0.0033762408134876
45278,435.3653846153846,45.4770778,9.2303697,0.057412,GuidoWalter_DiDonato,105,Deck,-0.0694584039181883,0.7743813040238491,-9.726389982724942,-0.7999146463471676,2.2028375292551954,-0.7308005747565636,1,-0.0014423905182523,0.002850766248271,-0.0079012283702049
45668,439.1153846153846,45.477061,9.230327,0.355584,GuidoWalter_DiDonato,105,Deck,-0.0619383109817012,0.9642476313274616,-9.73167499001682,-0.3145030553991197,2.2471313708089458,-0.86718843148586,1,-0.0246217724653464,-0.0012988929658721,-0.0043850638017559
46255,444.7596153846154,45.4770412,9.2302677,0.007408,GuidoWalter_DiDonato,105,Deck,-0.0393151617135551,0.783322745713979,-9.713215427780876,-0.0229683566064848,2.1296564488753686,-0.7672009138492104,1,-0.0031801756122328,-0.0008982379645379,0.0006272261432389
46451,446.6442307692308,45.47703370000001,9.23025,0.153716,GuidoWalter_DiDonato,105,Deck,-0.0581565485233869,0.9157167304913127,-9.700777929884476,-0.7811247325953943,2.20808454469645,-0.7575927030325902,1,-0.00875553097467,-0.0104597415837333,-0.0036873086719442
46842,450.4038461538461,45.4770192,9.2302217,0.181496,GuidoWalter_DiDonato,105,Deck,-0.0290150527870731,0.8947026666086274,-9.72401211423094,0.3063231207414208,2.0604567373023817,-0.7189225189767781,1,0.0052656933657699,-0.0175352382842541,0.0056571013921598
47430,456.0576923076923,45.4769957,9.230182,0.042596,GuidoWalter_DiDonato,105,Deck,-0.0791734582598132,0.7374817418278962,-9.748010521138738,-0.2781331188003797,2.122812929388555,-0.6980378331182253,1,-0.0021253023426454,-0.0015526997606609,-0.0034735945358281
47920,460.7692307692308,45.4769788,9.2301578,0.081488,GuidoWalter_DiDonato,105,Deck,-0.0554985756125906,0.9029105574911452,-9.69930795104916,-0.032303498838623,2.0191977814554503,-0.7477950286636945,1,-0.0006689541431134,-0.0130805728434663,0.0013726142501351
48116,462.6538461538461,45.47697270000001,9.2301455,1.1815760000000002,GuidoWalter_DiDonato,105,Deck,1.7092794269871572,4.850609145625133,-11.164936973827338,-13.584966465473752,4.861905711735735,-6.779821756726069,1,-0.1002466450099877,-0.6626767395072877,-0.5282781340349345
48215,463.6057692307692,45.4769748,9.2301258,3.4428680000000003,GuidoWalter_DiDonato,105,Deck,3.496454528322509,-0.4419396048737722,-11.914702762183644,1.890728211193776,-2.3693461611890028,3.53680916499978,1,0.7328143886013638,0.2479407340812036,-1.1923712013148773
48311,464.5288461538461,45.4769732,9.2300998,6.0690040000000005,GuidoWalter_DiDonato,105,Deck,-1.2131878169361074,-0.5682318003522387,-7.584127430005338,-0.73358633181061,0.3346404678500083,-15.214769302792346,1,0.4764595061554591,0.0572004767747813,-0.1005889002078657
48508,466.4230769230769,45.476963,9.230021,11.654636,GuidoWalter_DiDonato,105,Deck,1.3193323522238096,-0.3482923675273496,-10.692036629952504,-1.2357278554815472,-1.3793486814423952,-5.1372860977198895,1,0.6037349866636127,-0.1927057295981318,-0.5727626719052736
48704,468.3076923076923,45.47693870000001,9.229920800000002,15.930904000000002,GuidoWalter_DiDonato,105,Deck,-0.7552901751049916,-1.3110686430328091,-11.703614144745163,7.6171169796357585,-0.1970125955750523,-0.0759662941361591,1,-0.3062975732781939,-0.6129025283171826,-0.0620098399697965
48803,469.2596153846154,45.4769308,9.229863,17.308792,GuidoWalter_DiDonato,105,Deck,-0.8834105561905772,-1.7099237390680768,-9.847455365205205,-3.619462201801517,3.351406771112748,7.528960954899068,1,-0.2882754903706366,-0.1967988996666618,0.5391236309849905
48901,470.2019230769232,45.4769262,9.229805699999998,16.771712,GuidoWalter_DiDonato,105,Deck,-1.32036124071376,-2.1962413868108883,-11.021856934125216,2.8272994165585827,2.008283744338021,-10.118880949398651,1,0.0557616651779508,0.0965837193840304,-0.5478585285568887
48997,471.125,45.4769262,9.2297543,14.925268,GuidoWalter_DiDonato,105,Deck,-1.280410838881718,0.2164577743823705,-9.252133524333466,-13.402527527296304,5.795276927987797,18.774892336109808,1,-0.1573059704040775,-0.0712372760257432,0.01616283180525
49096,472.0769230769232,45.47692429999999,9.229711300000002,12.4547,GuidoWalter_DiDonato,105,Deck,-0.0438612497342574,-0.6799048760957292,-9.666220916983674,5.0652604720553605,2.22885574699146,3.586035089021044,1,0.22288827676124,0.2713991040443163,0.5709184280411854
49194,473.0192307692308,45.47691629999999,9.2296732,11.267568,GuidoWalter_DiDonato,105,Deck,1.9479451450755936,0.0676562688256506,-9.616925129765466,12.081982201978096,0.2477388627536872,13.62046723006194,1,-0.3082096142076069,-0.1634409370349261,-0.2374793451819492
49293,473.9711538461538,45.4769185,9.2296317,11.569444000000004,GuidoWalter_DiDonato,105,Deck,0.4364316053116982,-1.6871683932227284,-10.796868659008856,-7.138502633049913,1.405544420165647,0.0295910587756234,1,0.1660710824632736,-0.0412407610793121,-0.9728920611491888
49390,474.9038461538461,45.4769238,9.2295797,13.365884,GuidoWalter_DiDonato,105,Deck,-0.1845912451525228,0.6645895165232208,-10.405902529974286,7.1319725386686414,0.3730808725402559,-11.966032974376676,1,-0.094800519562661,0.1357712422637607,-0.0981887615172816
49488,475.8461538461538,45.4769313,9.2295352,13.0566,GuidoWalter_DiDonato,105,Deck,0.8443241114571169,-0.3863778442354,-9.28975642311336,-9.914753492397056,2.369312712591793,7.059557325666,1,-0.0542000500246138,0.3015210916361579,0.2893039624441158
49588,476.8076923076923,45.4769278,9.229464,16.70504,GuidoWalter_DiDonato,105,Deck,0.3370274262335516,-0.4696158476222191,-10.431831104441615,-0.8866626611824535,2.167853059804913,-3.901571213425101,1,0.3067728082408819,-0.0520533493344202,1.2664793251067827
49685,477.7403846153846,45.4769367,9.2294097,16.119808000000006,GuidoWalter_DiDonato,105,Deck,0.9105838037374364,-0.2755947562386962,-9.012396895802336,7.905569621976133,0.7158842050465419,-3.6466913033663686,1,0.6646052466929115,-0.0362601925662902,1.2017012657380963
49783,478.6826923076923,45.47693579999999,9.2293447,16.897648,GuidoWalter_DiDonato,105,Deck,0.0771266023051939,-0.8945334430290517,-9.579727909197988,-6.944718339942128,3.290884124170987,7.35657061298395,1,-0.1009249286273927,-0.266120880020079,0.2406429054614101
49883,479.6442307692308,45.4769385,9.2292802,17.216192000000003,GuidoWalter_DiDonato,105,Deck,-0.2544508089827264,-0.2528988985200425,-9.952017635923308,1.9060868419729229,0.8452141860187594,2.6082683481748505,1,0.0480441763575463,0.0964198974938483,-0.4200038253186946
49979,480.5673076923077,45.4769312,9.229208300000002,17.997736,GuidoWalter_DiDonato,105,Deck,-0.2031100308017224,-1.0714832865677062,-10.986269200466818,-3.373491054009233,2.282572930228306,-9.909901288247877,1,0.0562533249155878,0.0314152859365113,-0.369930430733092
50077,481.5096153846154,45.476927,9.22914,18.30702,GuidoWalter_DiDonato,105,Deck,-0.1576241455655619,-0.9980543745966984,-10.604282765985705,5.068049696461168,2.333793398006046,-2.1526717990038446,1,-0.1335995004752557,-0.2604824009922618,-0.0576045797128035
50274,483.4038461538461,45.4769252,9.228990199999998,20.318292,GuidoWalter_DiDonato,105,Deck,0.1632545643764053,0.5569225553896383,-9.408977171491085,9.290251747670856,0.9820198709558317,4.382408569124078,1,0.0776638628559828,0.4123714477840389,-0.3119733563144376
50372,484.3461538461538,45.47692650000001,9.2289168,20.118276,GuidoWalter_DiDonato,105,Deck,0.6587317448463442,-0.3084499889991455,-8.881092392511109,-7.28815560955832,5.15682793948188,2.558239265059698,1,0.2277943622145844,0.034918864565176,0.6332027041300936
50469,485.2788461538461,45.476932700000006,9.228843,20.394224,GuidoWalter_DiDonato,105,Deck,-0.062936040689449,-0.4494156734092048,-9.29165708408206,4.872248656614012,1.084172617378849,-6.251568971961652,1,-0.4196645789181811,-0.1134875552472321,-0.7945646120057663
50567,486.2211538461538,45.4769333,9.2287615,21.2054,GuidoWalter_DiDonato,105,Deck,-0.2153709901195877,-0.3001193344052047,-10.6842182731538,1.4557179664341118,1.4109721625025389,-8.00860615592816,1,-0.0984893276271631,0.7307641592671998,-0.6329481419183178
50665,487.1634615384616,45.4769365,9.2286828,21.018348000000003,GuidoWalter_DiDonato,105,Deck,-0.4350688515976711,-0.0690490579690678,-10.513967794852876,-5.714326893228012,3.558033192774518,-1.1115434301004106,1,-0.0780028542186418,0.1675320498675925,0.4613169214282333
50764,488.1153846153846,45.4769367,9.2286033,21.162804,GuidoWalter_DiDonato,105,Deck,0.0178991126433105,-0.009582629149869,-10.496330948512458,7.349130677921027,0.2567307183989218,0.8958925405818201,1,0.3700444608451233,0.0722977847848639,-0.7594620730671426
50960,490.0,45.47693220000001,9.2284362,22.440684,GuidoWalter_DiDonato,105,Deck,0.4519721456642543,-0.5868385318283968,-10.094937448396196,-2.095946420000597,2.0710596332182893,2.5062185069441503,1,-0.2543156974879856,-0.2099474819905142,-0.6849892765706258
51059,490.9519230769232,45.4769275,9.2283513,22.21474,GuidoWalter_DiDonato,105,Deck,0.0788167434371791,0.3112969811480978,-10.078706318467752,8.920931643527444,1.2716642001702303,-3.2696370367297964,1,-0.0259936879172856,0.3320849121300429,-0.4354107506268789
51155,491.875,45.4769278,9.2282683,22.62588400000001,GuidoWalter_DiDonato,105,Deck,0.0972169983399348,-1.9622020532759448,-10.978827870185844,-1.5194176518561489,-1.5916808567364658,-16.4140779653981,1,0.3216222409824699,0.1903274655649956,1.8572334154262613
51352,493.7692307692308,45.476924200000006,9.2281057,21.940644,GuidoWalter_DiDonato,105,Deck,-0.1182975654385522,-0.05681358599309,-9.681531579966888,5.758923575431313,-0.5339664434149407,-3.0458601566101366,1,-0.0338950347824311,0.1652450571131003,-0.4564535678340054
51450,494.71153846153845,45.476924,9.2280238,22.514764000000003,GuidoWalter_DiDonato,105,Deck,0.249803795061394,-0.4488350463358487,-9.88377189601426,-2.6383438120554774,2.146789260731603,-7.871961234637194,1,0.1182268086844756,0.1030854307842817,-0.9437960226190772
51548,495.6538461538461,45.476919,9.2279432,22.012872,GuidoWalter_DiDonato,105,Deck,0.0742992450776049,-1.0404105541884374,-11.00264068791762,-0.8433032220003986,2.36456182315471,0.4669448935203606,1,0.1522153915644296,-0.0816437190965446,-0.0105733544806803
51647,496.6057692307692,45.476917,9.2278637,22.22770400000001,GuidoWalter_DiDonato,105,Deck,-0.5238872436467952,-0.95919847251942,-10.293776139348031,-0.6524570979571473,0.6557389672575518,-2.30576865204224,1,0.4351350062641824,-0.2341757486968775,0.3564555446837812
51841,498.4711538461538,45.4769175,9.2277158,19.721948,GuidoWalter_DiDonato,105,Deck,-0.0706951640324731,-0.0122652630557752,-9.074705397463486,-3.7873340726417535,3.761347643967992,4.389040772704605,1,-0.5030712438938284,0.1133793465707388,0.4592352629929497
52038,500.3653846153846,45.4768997,9.227573800000002,19.471928,GuidoWalter_DiDonato,105,Deck,0.7620216263810022,-0.7907841046944688,-10.217995049206932,5.880057693919118,2.521304823843016,-1.7059549665266418,1,-0.5544076627123595,-0.3418168226105439,0.7898687935741808
52235,502.2596153846154,45.4769037,9.227435,19.262652,GuidoWalter_DiDonato,105,Deck,-0.2768183293898319,-0.7254482794314344,-9.29312517701116,-2.750185180663685,5.16874069443317,2.2268093807033145,1,-0.1182774089137622,0.1026231048864458,-0.2124102952133082
52429,504.125,45.4769203,9.2273207,16.336492,GuidoWalter_DiDonato,105,Deck,-0.1789125350295933,0.0825456479327084,-9.987072521463574,2.2928242247006065,1.6416294875436732,-3.350906407567308,1,-0.0183598581490829,-0.0101281994391985,-0.2965004992983466
52529,505.08653846153845,45.4769235,9.2272697,14.545607999999998,GuidoWalter_DiDonato,105,Deck,-0.3275138431880724,0.4806753388721082,-8.657551203428572,3.8479935499430735,-0.1022387572864191,9.176743295722083,1,-0.0716996224572667,0.4154815739590527,0.1198320769982217
52726,506.9807692307692,45.47694420000001,9.2271963,10.660112000000002,GuidoWalter_DiDonato,105,Deck,2.0752839543955908,-0.6343236590774519,-7.018518014751638,9.059720151421772,3.7104004313198633,21.676205308985008,1,1.6153495322491045,-0.3063304192162229,0.6684582009761941
52825,507.9326923076923,45.4769572,9.2271793,7.724692000000001,GuidoWalter_DiDonato,105,Deck,-0.3818961206681234,-1.5197436616161049,-12.80102219074745,3.1006307529292783,5.381653148145873,12.601196597902652,1,0.7627254373762797,0.1413104299255703,1.4166101951745702
52921,508.8557692307692,45.4770027,9.227168,11.967624000000002,GuidoWalter_DiDonato,105,Deck,-0.1828061528077406,0.3298524578309704,-9.431518998393212,-15.472703047574374,8.509848013729489,24.89015116930141,1,-0.1413056228097471,0.3781164504776821,1.3226039634279958
53019,509.7980769230769,45.4770443,9.227167800000002,14.503012000000002,GuidoWalter_DiDonato,105,Deck,2.3526444862650315,-1.22457843308754,-9.875507901586657,-15.584675441268494,14.232234366693485,5.017668108209119,1,-0.2367789901227613,-0.5475687493217027,0.221036006311289
53118,510.75,45.4770865,9.2271597,16.503172,GuidoWalter_DiDonato,105,Deck,2.0814652988581703,-0.5480367482236012,-10.024034003784452,3.3221285756096464,-0.517146137136745,4.926091663579887,1,0.3952012234554423,-0.4227501078555152,-1.249375864841161
53216,511.6923076923077,45.4771328,9.2271587,18.132932,GuidoWalter_DiDonato,105,Deck,2.566110427392096,-0.5682156481585598,-7.86740054303589,-18.972631736958498,1.4273883396087697,6.387722781645378,1,0.6555839139620188,-0.1858152286004776,1.74150554042245
53413,513.5865384615385,45.477233,9.2271518,20.503492,GuidoWalter_DiDonato,105,Deck,-0.4242237957609695,-0.6607528102373414,-8.759623478911088,3.3508582793107275,-3.387192137070824,-5.228713996954863,1,-0.4653099830268304,-0.1784545719978185,0.5894400044682246
53509,514.5096153846154,45.4772857,9.2271515,21.342448,GuidoWalter_DiDonato,105,Deck,2.06413953833538,0.4392606748506346,-2.7479767408685887,-12.059852382096956,0.9186753421024084,1.6685812770987305,1,-0.7015231828748578,0.4818645224190601,-1.812842221694941
53706,516.4038461538462,45.4773925,9.2271422,21.729516,GuidoWalter_DiDonato,105,Deck,0.9017491874169524,1.1953620572092458,-9.424759331988277,-4.962100893340855,2.053789723375476,10.952001238551585,1,0.3961797221756828,0.3900941160836896,0.4351001919602133
54001,519.2403846153846,45.47755770000001,9.2271378,22.26104,GuidoWalter_DiDonato,105,Deck,-0.946161532351954,-0.9948208658546678,-10.981731146416353,1.2947904372545538,-5.961618320915062,-6.515973656239632,1,-0.9982098311959652,-0.035941310857736,-2.8249519105370755
54196,521.1153846153846,45.4776652,9.2271293,21.80174400000001,GuidoWalter_DiDonato,105,Deck,1.2496004446060085,-0.20016502414392,-9.780017105653917,-9.103028547853969,2.7964140215016418,0.2962091822788588,1,0.7114019539763767,-0.4762234676772429,0.103798548029216
54294,522.0576923076924,45.4777158,9.2271162,20.95167600000001,GuidoWalter_DiDonato,105,Deck,1.7715682869315543,-0.0271552968521283,-6.502221074522258,4.491560173199783,4.887581913115357,-9.238260399763297,1,1.1985794424887977,0.1722569207469518,0.0201896799248793
54391,522.9903846153846,45.477764,9.227086300000002,21.00168,GuidoWalter_DiDonato,105,Deck,-1.2781051710478224,-1.7344129795778338,-11.82894811066448,2.084990722927786,2.80344226287588,-15.56372536350388,1,0.6689021196154159,-0.0231815157269781,-2.239364838270795
54491,523.9519230769231,45.4778063,9.2270457,20.566460000000006,GuidoWalter_DiDonato,105,Deck,-0.7487059246231376,1.0432716043840853,-8.835410886246319,9.640408206496524,4.777312290889199,15.828851001205065,1,0.7731458309912089,-0.9874934353502124,-0.2418753909333109
54587,524.875,45.477853,9.2270103,20.873892,GuidoWalter_DiDonato,105,Deck,5.966231215097031,-1.6680100013606984,-6.857526523964287,4.644327305226756,16.017894434397185,-0.0314901395798052,1,4.094574883982356,-0.6696717128648211,1.534108154412884
54686,525.8269230769231,45.47790120000001,9.2269918,20.133092,GuidoWalter_DiDonato,105,Deck,1.084885836599048,-1.7743770836420791,-6.057709747170862,1.6328665936370848,1.5334402830822431,3.3747792873875584,1,-0.3631350504507094,0.0975064198702009,4.360409203311678
54784,526.7692307692306,45.4779498,9.2269792,20.653504,GuidoWalter_DiDonato,105,Deck,0.213273218842817,-2.2975766428196014,-6.514725066646077,-6.139303126490001,6.961509568943177,-13.558303551619186,1,0.5961352290239088,0.5904557270257405,1.44399149164935
54883,527.7211538461538,45.4779998,9.2269622,21.04798000000001,GuidoWalter_DiDonato,105,Deck,0.2605708799562028,0.2794635940669212,-9.810856834266088,7.691672784139936,-1.4400560815614272,5.456991435724884,1,0.1274417118332914,0.0517251016376288,-1.2589985782358024
54983,528.6826923076924,45.4780527,9.2269502,21.792484,GuidoWalter_DiDonato,105,Deck,-0.1407315277957322,0.6693757017382865,-9.63601110639138,-4.712068683828456,2.0400501769703503,-6.166612510109255,1,0.0955185157272042,0.599126028985027,0.0848458186571896
55079,529.6057692307694,45.478108,9.2269397,22.42772,GuidoWalter_DiDonato,105,Deck,0.5430078738050528,-0.4720192243945719,-9.159705955529551,7.12922134421685,2.755611030057746,-0.6751908294352349,1,-0.3093413901650428,-0.0911774745301466,-0.8415427876285477
55177,530.5480769230769,45.4781625,9.2269268,22.43698,GuidoWalter_DiDonato,105,Deck,0.1714381827799616,0.0414735390059295,-9.994564411907586,-0.3299875223492265,3.29104702262963,4.379825826727052,1,0.4175372685832077,0.1406124375381384,1.437141249212008
55373,532.4326923076924,45.47826970000001,9.2269108,21.448012,GuidoWalter_DiDonato,105,Deck,-0.8103203213356438,0.7078984775901761,-10.285046839818774,0.1072867019362391,10.301305358341006,24.328149960341328,1,-0.1572319771601105,0.0314486805333278,2.6255482248886626
55471,533.375,45.4783168,9.2269215,19.188572,GuidoWalter_DiDonato,105,Deck,-1.0056846345253656,-0.0574590223140229,-10.792289900920611,-1.5002890293840774,5.024438376270651,17.827320662387933,1,0.1065529387946495,0.3696325285741376,3.0791246359322244
55570,534.3269230769231,45.4783558,9.2269478,18.192196000000006,GuidoWalter_DiDonato,105,Deck,-0.5900705486168345,0.7883658371173393,-12.719174358589282,-9.744947756299537,4.965907535623119,13.890643341625427,1,-0.8814433963393372,-0.2120115509763002,-1.7046716797210024
55665,535.2403846153846,45.4783917,9.2269827,18.0107,GuidoWalter_DiDonato,105,Deck,1.000560056552439,-1.4114424212682612,-11.597663811444006,0.481670391391833,8.692566793292839,-18.171851287235576,1,-0.9402753348665022,-0.0935575015692178,-0.1168066024932912
55763,536.1826923076924,45.478436,9.2270102,19.018188,GuidoWalter_DiDonato,105,Deck,0.5201110101478077,-0.6149143890981883,-6.135436918583039,4.121201749848717,9.290968131612894,-23.27047451551502,1,0.6496838988520527,0.2736622687228496,4.017309962270796
55862,537.1346153846154,45.4784818,9.2270248,19.02004,GuidoWalter_DiDonato,105,Deck,0.251531438158424,-1.4836915267169075,-10.86151195102875,-2.641534207284547,5.351928253709124,-21.21123066030141,1,-0.2150757192542949,0.0577888002303645,-0.1694870056035711
55959,538.0673076923076,45.47852879999999,9.2270243,19.101528,GuidoWalter_DiDonato,105,Deck,1.6632438971345511,0.9344517684946058,-6.634779614399422,5.413594832949944,-0.0149915498926587,9.178090877724806,1,0.0331869724269944,-0.38941342543837,0.3070992300251873
56253,540.8942307692306,45.47869229999999,9.2270115,22.794416,GuidoWalter_DiDonato,105,Deck,-1.3970454357850128,-0.3117516765546689,-14.812859221086544,-6.3602400248129705,-5.6794621957452325,9.372001969125767,1,0.5779412320115631,-0.2002651025754658,-1.7918154410123677
56837,546.5096153846154,45.479004,9.227003300000002,17.738456,GuidoWalter_DiDonato,105,Deck,-1.7390326778310303,-0.6788259695953849,-9.655239530763618,-1.9288199007020328,3.966739855052922,-2.947113758740868,1,-0.1552387990978594,0.6276575770245936,0.9632438142944704
56935,547.4519230769231,45.4790448,9.2269995,15.76052,GuidoWalter_DiDonato,105,Deck,-0.7948449420657118,-0.1009823668855932,-11.409236695069318,-6.860491352811514,1.221178518897747,18.666047167462324,1,0.5999466180987096,-0.4614365650514193,-0.3066142329125991
57131,549.3365384615385,45.4791102,9.2269905,10.878648,GuidoWalter_DiDonato,105,Deck,0.1916174547828888,-0.0875835261276298,-8.628796948942034,4.0315917761270805,2.9970442088269653,19.97672513259445,1,0.4732797679514824,0.0986559565917433,-0.0977315590573866
57229,550.2788461538462,45.4791322,9.2270008,9.100728,GuidoWalter_DiDonato,105,Deck,-0.0787710360338281,-0.5415728333338632,-8.750070857672037,5.2369983913924685,25.034093208265165,22.67855632515225,1,-0.4268814861557029,0.1299160931387645,0.4827290428545954
57327,551.2211538461538,45.4791482,9.2270235,8.309924,GuidoWalter_DiDonato,105,Deck,-0.2578409002959152,-0.1928714565678352,-8.942725212630814,-0.0476859871039923,-8.947951881671838,23.34307843101384,1,0.6399725112917762,0.07926226620408,1.4763994038639598
57423,552.1442307692306,45.47916,9.2270593,11.4361,GuidoWalter_DiDonato,105,Deck,1.5753524562638812,-1.0680778441769905,-9.871601686629935,-10.993479923843324,1.5929304101076074,25.38988377869096,1,0.1303187519073381,-0.0367074707217609,-0.206535809034527
57521,553.0865384615385,45.4791598,9.2271035,12.76028,GuidoWalter_DiDonato,105,Deck,1.2896697496743907,-0.0186908439528895,-9.440108924662656,-6.21380204829269,8.128641206096411,9.349621460814213,1,-0.3024227765004854,0.2543845137677189,-0.0309123485582869
57619,554.0288461538462,45.4791568,9.2271552,14.993792,GuidoWalter_DiDonato,105,Deck,0.1665082454779543,-1.1199992058993995,-10.517265744921072,-4.2436839346086,0.0958409987976423,1.6946647603937643,1,-0.0370284062701451,0.2768606855630613,-1.4880233305427044
57815,555.9134615384615,45.4791623,9.2272673,17.558812,GuidoWalter_DiDonato,105,Deck,1.4793060389095178,0.7215250479322258,-9.203090335447094,6.191769402556955,2.0107058454216853,1.7527638002460586,1,0.8620152964624429,-0.0657554242238243,0.7210695764867285
57913,556.8557692307694,45.479169,9.227333,18.673716,GuidoWalter_DiDonato,105,Deck,1.7247070606838442,-0.4293842426235831,-8.400055282037417,8.704577178241019,1.904687416700444,-13.840818807266109,1,-0.3811988720940698,0.1057786025739987,-3.1894128382856177
58009,557.7788461538462,45.4791802,9.2274038,20.168280000000006,GuidoWalter_DiDonato,105,Deck,-2.351480368810932,0.8559568057220205,-14.365479848340108,-4.693702658247021,14.15551641781352,9.988826110372235,1,0.0436836751539573,0.2678730161288469,-1.6338101870023554
58107,558.7211538461538,45.4791822,9.227476,20.534976,GuidoWalter_DiDonato,105,Deck,1.3713779277201723,0.1783902045703267,-4.9375202218580005,-6.663022220758897,8.701860953361045,6.260849224531381,1,-0.1671667528250229,0.8224036126589821,3.413751096409107
58205,559.6634615384615,45.47918,9.2275478,19.931224,GuidoWalter_DiDonato,105,Deck,-1.1842144883673626,-0.0195260004457683,-11.094941811873651,10.943529409636357,-7.608340846123476,-2.8381524852289743,1,-0.7753064030435669,-0.1055602415270359,-1.3588944418865765
58303,560.6057692307694,45.47918320000001,9.2276122,17.694008,GuidoWalter_DiDonato,105,Deck,0.7379316767803135,0.1810373049149246,-10.960790342393926,-4.08415405395435,6.325648990827191,4.872468024582656,1,-0.9312502451749765,0.025195197818719,0.0286628853032944
58401,561.5480769230769,45.4792052,9.2276753,17.860688,GuidoWalter_DiDonato,105,Deck,-0.0801418521297476,0.0259048256751802,-11.149238237155032,0.8139105141129206,1.0857707221134074,-1.9372058973412472,1,-0.7570603000854028,-0.7089239016628939,-1.1342302812899607
58499,562.4903846153846,45.479216,9.2277295,15.597544000000005,GuidoWalter_DiDonato,105,Deck,-0.4168968325819357,0.0503674661176427,-9.19703732166668,-4.2694305373614245,5.330038142658557,10.211590303427467,1,0.0608534524971977,0.1494668391935177,0.1889040258033105
58597,563.4326923076923,45.47922979999999,9.2277835,15.0012,GuidoWalter_DiDonato,105,Deck,0.0882031939598445,-1.0209278709027738,-8.85868972985492,1.836601278829455,6.173270947075428,-14.215032068452578,1,-0.9085437717758806,-0.0625316892339081,-1.075020815575571
58693,564.3557692307693,45.4792338,9.2278388,16.142032000000004,GuidoWalter_DiDonato,105,Deck,1.2602594034150043,-1.5836668264149716,-10.023285130242506,-6.432711887674268,4.482115445871392,-0.7340165926624422,1,0.5989264057322603,-0.1213428871613284,0.8090250783794186
58791,565.2980769230769,45.4792445,9.2278835,11.4361,GuidoWalter_DiDonato,105,Deck,-0.4809404249305045,0.8361387899594414,-10.39767292637134,-10.572721512284351,1.219117895795753,11.116988488769472,1,0.2952967794833683,0.1558636846475938,-0.8243976582043153
58889,566.2403846153846,45.4792605,9.2279278,12.934368,GuidoWalter_DiDonato,105,Deck,-3.4109577724366766,-1.7561243902271824,-9.647903332343224,-0.0854843220552163,2.5496071696158182,-19.485755321519207,1,-0.1393684770296048,-0.4033308680154726,-0.200484960852961
58987,567.1826923076923,45.4792652,9.227967800000002,10.265636,GuidoWalter_DiDonato,105,Deck,0.7099482343289336,-1.4637858824454664,-9.856014524694992,3.8142114077253817,10.139526364829294,-36.62464780971656,1,1.1560822159640969,-0.5853169001280392,2.236811231750446
59085,568.125,45.4792782,9.2279985,8.141392,GuidoWalter_DiDonato,105,Deck,0.1222507165953781,0.1421952517437,-11.799584075411737,1.1050666053348688,16.191785701907065,-28.630065401363808,1,-0.4883743293743162,1.211218058737492,0.4783184171303834
59183,569.0673076923077,45.4792812,9.2280118,4.392944,GuidoWalter_DiDonato,105,Deck,-0.4558296394527268,-0.8309932395233476,-10.648990924482428,2.5981472984792098,2.7321936270502274,13.18220633083704,1,-0.2240046146981112,-0.132720552755561,0.0100578580234529
59279,569.9903846153846,45.4793028,9.2280282,8.108056000000001,GuidoWalter_DiDonato,105,Deck,1.7488875530740968,-0.5079650172019852,-9.282560271455752,-0.7285053727756043,5.382079414467123,34.34958847922158,1,0.0147064440036757,0.0363786201201293,0.1710705726737114
59377,570.9326923076923,45.479285,9.2280617,8.691436000000001,GuidoWalter_DiDonato,105,Deck,-0.7797580366686716,-1.3271699376044328,-11.13589472430859,-6.353850877219617,2.0040240066429944,-9.795616678618869,1,-0.2014966145402472,0.2078615619702386,-0.8620547126394147
59475,571.875,45.4792775,9.2281002,10.643444000000002,GuidoWalter_DiDonato,105,Deck,-0.1383904742944411,-0.1899408586906368,-9.720109904758203,-5.542332696678442,1.8773735757960808,-7.392819139790902,1,-0.2429802764155003,0.2264624376467233,-0.6609780899709765
59573,572.8173076923077,45.47929179999999,9.2281567,15.004904000000002,GuidoWalter_DiDonato,105,Deck,1.1020770919675569,-0.4693997758332965,-9.674473020352034,3.428493219586612,2.4655627907051887,-0.2218796504770788,1,0.2115244213284297,0.2755122934685577,0.2301537306344237
59671,573.7596153846154,45.4792825,9.2282212,17.999588,GuidoWalter_DiDonato,105,Deck,0.1401372757172818,-0.4622506834299918,-9.819824124213085,-4.1946084354904505,4.652428590696533,10.783221782569528,1,-0.1363034629729899,0.0075330778491851,1.4671581088272188
59865,575.625,45.4792745,9.2283603,20.488676,GuidoWalter_DiDonato,105,Deck,0.6961396642786666,-0.117652390786699,-9.764937604578634,2.64740576460284,2.012664453033056,5.066538550588659,1,0.2249818244501684,-0.3347388864443789,-0.0168519626532201
59963,576.5673076923077,45.4792723,9.2284355,20.912784,GuidoWalter_DiDonato,105,Deck,-0.365885064676071,-1.0918791573117292,-8.697362126289214,-0.9584251302505168,2.6252189175863005,-4.525008088968887,1,0.3172077688438006,0.1619854992884379,1.8886295515607223
60062,577.5192307692307,45.4792752,9.2285097,20.653504,GuidoWalter_DiDonato,105,Deck,0.6115874404418224,1.3017782123794923,-9.980935461779712,13.381885810800116,0.8515725944459596,-0.3006198333220764,1,0.302189359622709,0.2799203727494745,-0.1149764847253482
60452,581.2692307692307,45.4792555,9.228811,21.392452,GuidoWalter_DiDonato,105,Deck,0.3389121970865782,-0.2218075360460433,-9.911663411597235,-6.695061652249745,4.595348908440147,3.422600773396306,1,-0.3821983634221313,-0.5450668405592095,-0.2210932224273065
60550,582.2115384615385,45.47924920000001,9.2288828,20.577572,GuidoWalter_DiDonato,105,Deck,0.271293770288378,-0.6570967125047243,-8.429402907736826,4.639153737853237,1.9319620396316384,-6.161915836097914,1,0.2769267731461321,0.3459173437405097,1.1003543058774952
60649,583.1634615384615,45.4792478,9.228959800000002,21.298,GuidoWalter_DiDonato,105,Deck,-0.2390528712503216,0.3246980724098599,-11.21838583771328,-7.347037713417133,0.8779148954349427,2.624192229174075,1,0.2967932353939667,0.2761978639271412,-1.54889695632502
60745,584.0865384615385,45.4792508,9.2290412,22.06287600000001,GuidoWalter_DiDonato,105,Deck,-0.0217954208773458,0.0323917033120331,-10.568216330337496,11.406711643226512,0.3245738395387025,-8.793390840991131,1,-0.3015790742230821,0.2916396062984775,-1.0453933120482404
60843,585.0288461538463,45.479245,9.2291145,21.412824000000004,GuidoWalter_DiDonato,105,Deck,-0.7662714729513203,-0.3854307318098053,-8.36118709237376,1.3137824060223278,-0.6266675237787496,-3.18565908304032,1,0.2156840480298433,0.0717836130789447,0.653526156083382
60941,585.9711538461537,45.4792357,9.2291813,19.71639200000001,GuidoWalter_DiDonato,105,Deck,-1.3649772759343328,-0.1756529512283028,-11.219675771861386,-0.8433434938661709,-1.590869801014545,10.95358261478168,1,-0.2134595099825957,-0.0812134657888941,-1.3350855508534851
61135,587.8365384615385,45.4792228,9.2293113,17.405096,GuidoWalter_DiDonato,105,Deck,-0.7507797860623986,-0.4977612066212091,-10.716558226551191,-2.1258266207147862,4.055243812239255,2.1159978649968982,1,-0.2422928310511487,-0.3640565684130108,-0.321956741411924
61234,588.7884615384615,45.4792227,9.2293723,16.664296,GuidoWalter_DiDonato,105,Deck,-0.6913606619549786,-1.2666851358765356,-10.161253434225976,2.120818900722937,4.339084599845509,-0.524627811348906,1,-0.0029530218453361,0.0884332445418052,0.4428011242893905
61331,589.7211538461537,45.4792137,9.2294285,15.484572000000002,GuidoWalter_DiDonato,105,Deck,1.0507663631602175,-0.7548714959265612,-9.259070266777,-3.6009634494311618,5.150282360399901,2.3664802784039627,1,-0.0035616092636814,-0.144278470507868,0.2620495799126239
61526,591.5961538461537,45.4792065,9.2295355,15.469756,GuidoWalter_DiDonato,105,Deck,0.6488207059429538,-0.2047675459487862,-11.01872950637651,0.3381744119387839,2.41624076398959,1.9951764578421924,1,-0.1927401428187904,0.4503141254083691,-0.8570616958384978
61624,592.5384615384615,45.4792005,9.2295992,17.618076000000006,GuidoWalter_DiDonato,105,Deck,0.2974677458572098,-1.023613642024355,-9.29892109948334,-12.430344096687802,3.967033844118261,-5.2619808489532165,1,-0.1532854656127065,-0.0001075089867548,0.5896435681748926
61722,593.4807692307693,45.479199,9.2296677,18.929292,GuidoWalter_DiDonato,105,Deck,-1.1446572396238233,0.5646213766736121,-9.850473109867895,-3.4473611217429374,-2.002258729536492,6.760146154425078,1,-0.0635671766744783,-0.3042151014735889,-1.3199497072228183
61819,594.4134615384615,45.479195,9.2297302,18.040332,GuidoWalter_DiDonato,105,Deck,-0.6470810166515661,-1.5541029799821775,-12.441534433601944,12.141520414890175,-4.269772716404826,-18.8142614274251,1,0.4480089099170059,0.2236043766206759,-0.8723220960213142
61918,595.3653846153846,45.4791853,9.2297778,14.953048,GuidoWalter_DiDonato,105,Deck,-4.5864034948688674,-2.232748653992106,-16.09184142966621,15.965200143650822,8.194811741367317,-6.586965820778889,1,-0.9400722777317592,0.6083023506839056,-0.1713934705942019
62016,596.3076923076923,45.4791727,9.2298198,13.138088,GuidoWalter_DiDonato,105,Deck,-1.0908769933956783,0.1112321097179113,-10.141312867925391,-7.49865649531173,2.0193860941871984,6.568719855325294,1,-0.3680941646729154,-0.3168264942822565,-0.0292109841843792
62114,597.25,45.4791578,9.2298562,12.07504,GuidoWalter_DiDonato,105,Deck,5.255530465613607,-0.6595435851309265,-9.845056825720668,-25.42944410950116,5.433607522846417,15.237055181507984,1,-1.850436801197344,-0.3845006493064729,-1.99183311706763
62210,598.1730769230769,45.4791532,9.2298937,11.169412,GuidoWalter_DiDonato,105,Deck,-9.02037218143102,1.45665758956049,-24.236786309519573,18.61129524973432,-4.437907858790828,-13.056682116658203,1,-2.140420186284625,-0.1986814698447918,1.0124706016961724
62406,600.0576923076923,45.47914,9.229951,8.621060000000002,GuidoWalter_DiDonato,105,Deck,1.8633382909051488,-1.8915684293319368,-12.423861898959869,5.978482894654758,14.437628438485245,11.209105772287366,1,0.2947974785964811,-0.0027088780277229,-0.5262070470949975
62505,601.0096153846154,45.4791313,9.2299745,7.728396000000001,GuidoWalter_DiDonato,105,Deck,1.5436408498825434,-0.9807252173522992,-7.60246028715439,2.8469410594664075,-8.86521262920074,-19.270861189823613,1,2.373107531753237,-0.6075099793732313,2.6827149529033267
62601,601.9326923076923,45.4791177,9.229993,6.91722,GuidoWalter_DiDonato,105,Deck,-0.2284505870275988,-1.2902023789369976,-8.447232929362594,10.844587195157494,6.9669909864680175,30.72890875164145,1,0.2094735032525804,-0.2042830436258616,-0.1032625931368311
62700,602.8846153846154,45.4791003,9.2300115,7.498747999999999,GuidoWalter_DiDonato,105,Deck,0.6548742419857065,-1.093707970193674,-9.688145632023378,-3.204973562547841,12.772938347144771,35.03195586655603,1,-0.0373180244163554,0.1485257008525962,0.6435221694188051
62797,603.8173076923077,45.47907429999999,9.230023,8.802556000000003,GuidoWalter_DiDonato,105,Deck,-1.4232694292401724,-0.8705610127676554,-9.802706270206755,-8.294883497243621,0.6586023507095491,9.965854584277077,1,0.3521648583359345,-0.8529507243245346,0.8037724177087089
62895,604.7596153846154,45.4790432,9.2300305,10.25082,GuidoWalter_DiDonato,105,Deck,0.3655576195393971,-0.4108388173599646,-12.014073802140103,6.68354657136627,5.002663302344095,-5.191277163174743,1,-0.044662346901611,0.0540563898469567,-1.1202891302116438
62994,605.7115384615385,45.4790178,9.2300432,10.802715999999998,GuidoWalter_DiDonato,105,Deck,0.2815694530096838,-0.8545763053153528,-11.689879472617966,1.1738983642136982,0.3759826257480992,-4.319427158041329,1,-0.3092918615386867,0.0605081408947264,0.3493085595060989
63092,606.6538461538463,45.4789737,9.230036,14.925268,GuidoWalter_DiDonato,105,Deck,-0.2683837250446214,-2.798985755154522,-9.74163972035443,7.586585001921276,-1.006796396741585,-22.256974397639,1,-0.1476709097335243,-0.2474721999901823,-0.6147230021509831
63188,607.5769230769231,45.478929,9.2300342,16.801344000000004,GuidoWalter_DiDonato,105,Deck,0.0860677717668441,-0.6509299741543699,-8.858991273304524,-9.30450975969822,2.3239796091913294,-8.327511090941965,1,-0.3657928953678785,-0.3227173329015625,-0.0611172613368395
63385,609.4711538461537,45.47883270000001,9.2300585,19.371920000000006,GuidoWalter_DiDonato,105,Deck,0.146748760096424,-0.0083802677162513,-6.637480941965139,3.2665025238608747,-6.077294013167291,6.68222438941456,1,0.2244745966418406,-0.0878083499345306,1.876197584680052
63677,612.2788461538463,45.4786968,9.2300875,17.093960000000006,GuidoWalter_DiDonato,105,Deck,0.0679360659371975,-0.5264911237989778,-9.116675527003636,-3.540837326565541,0.9587538795540564,6.6891231111162535,1,0.4474213620900129,-0.2408369557765433,1.0338225659506772
63776,613.2307692307693,45.47866,9.2300947,16.130920000000003,GuidoWalter_DiDonato,105,Deck,0.8606073072690437,-0.1134560684042301,-10.605631594366209,-0.3711012327441074,0.6288608992487044,8.361004417486726,1,0.13663416395156,-0.1758079836524923,-1.709137422536024
63872,614.1538461538463,45.4786235,9.2300987,15.351228,GuidoWalter_DiDonato,105,Deck,-2.078481018411957,-1.55807738844747,-10.74125541698792,6.552387436986611,-0.7959056605541983,-9.612676664558858,1,0.2992651071553274,-0.0601076575654284,-0.2922298793329734
63970,615.0961538461537,45.4785858,9.23011,15.19566,GuidoWalter_DiDonato,105,Deck,-0.5625761307365684,-1.107185803578854,-8.903051601274509,0.5828969290818318,0.7826314808254735,-0.4113149662467288,1,0.2306078605976869,-0.1731183024911453,1.2540851533040025
64069,616.0480769230769,45.4785578,9.2301225,12.60286,GuidoWalter_DiDonato,105,Deck,0.3952959231313237,-0.480204740269211,-8.575863410154778,-17.774551264105586,6.824006495395565,5.654037214940042,1,-0.0625619002856563,0.2341159000638481,-0.4051594879696054
64165,616.9711538461537,45.47853720000001,9.2301392,10.311936,GuidoWalter_DiDonato,105,Deck,0.5964919128344124,-1.1851358483066072,-12.095115365968926,4.0592997364996535,16.12037320311991,-28.63861948682765,1,-0.1718895582974222,0.0817265151936557,0.1844917348596784
64264,617.9230769230769,45.4785247,9.230165199999998,8.702548,GuidoWalter_DiDonato,105,Deck,0.5216549644995232,0.2660474429810763,-14.59002401023072,-7.572239519257928,-4.106232334593691,-3.5987167584618334,1,-0.5994388660623577,0.0957551075793693,-1.6037790801425869
64362,618.8653846153846,45.4785182,9.2302098,12.282464,GuidoWalter_DiDonato,105,Deck,-0.7056064430274993,-1.4406274211923158,-11.61804960100845,-1.1410760253448935,8.051286165144099,-35.34858657643815,1,-0.4073646440732173,0.5111017191793261,-1.058602425557698
64460,619.8076923076923,45.4785175,9.2302653,13.94556,GuidoWalter_DiDonato,105,Deck,0.4277493286201842,-1.1009594399453233,-9.22512547636828,-3.01251091284194,1.6736577167292168,-9.242394186060311,1,-0.0275904566447567,-0.2151431584525841,-0.0103002220273982
64556,620.7307692307693,45.47852879999999,9.2303235,15.11232,GuidoWalter_DiDonato,105,Deck,-0.032625453447334,0.4277046612484393,-10.456330409336571,9.691427665707316,3.342171452328212,6.526828602686771,1,0.5856833049343604,0.1604714423194706,0.609279727414668
64655,621.6826923076923,45.4785348,9.2303793,14.96416,GuidoWalter_DiDonato,105,Deck,-1.4318464808745892,-1.3747923680150709,-10.04542185043571,-1.437012905681864,-4.500375315142036,2.1033429956508742,1,-0.6476054018012773,-0.1532401217709409,-0.7398761339906912
64753,622.625,45.4785367,9.2304378,15.551244,GuidoWalter_DiDonato,105,Deck,-0.1510943875422809,0.5226862166796516,-9.133389497952903,3.0859341241076037,8.956406936027866,28.75508206719952,1,0.1052162992451865,0.0204641918365302,1.6131826906384852
64849,623.5480769230769,45.4785333,9.2304998,16.971728,GuidoWalter_DiDonato,105,Deck,0.6694981842366051,-1.3802056116936203,-8.913265157440618,-10.410831570140688,4.584315345939689,-2.6029456367090384,1,-0.2348701567828507,0.2237154383590613,0.4997657391217416
64947,624.4903846153846,45.4785263,9.230567,18.166268,GuidoWalter_DiDonato,105,Deck,-0.5276151623676889,-0.182413530148397,-10.529306909115526,-8.733660659006784,2.3978640082499045,-12.412597713327312,1,-1.4745533031294678,-0.4126505455732097,-1.4464594283772745
65045,625.4326923076923,45.47852279999999,9.230641699999998,19.962708000000006,GuidoWalter_DiDonato,105,Deck,-0.6678316825737571,-1.3406067401500312,-13.289308452319904,2.4446981352672323,0.8711707976626211,-18.02402543989453,1,-1.2858274378287693,0.1810781848962444,0.4678216924138319
65144,626.3846153846154,45.4785263,9.230718800000002,20.549792,GuidoWalter_DiDonato,105,Deck,-0.137605275505943,0.0439044138639215,-7.586060827982376,10.215986826060156,-0.484232931092925,-0.9321312934389852,1,-0.321120731831553,0.646832673629355,-1.3657126893375162
65436,629.1923076923077,45.4785235,9.230963699999998,22.43698,GuidoWalter_DiDonato,105,Deck,-0.0601126112075652,-1.45046626882963,-12.28591869804109,-3.485706310549205,4.153630357348435,-9.96245344058603,1,0.3452213290310809,-0.5561197335621888,1.4597112416600453
65631,631.0673076923077,45.478535,9.2311202,21.609136,GuidoWalter_DiDonato,105,Deck,2.2107692169195343,0.9298700034462684,-6.218254898850063,0.5334128884961005,1.7566679545783033,4.35681768076842,1,-1.3653208721870946,0.7848756031658282,-5.513578068435566
65729,632.0096153846154,45.47853350000001,9.231194699999998,20.13124,GuidoWalter_DiDonato,105,Deck,-0.2902787210631769,0.590512490319297,-6.235716903396085,-8.895542661812973,1.8770049745569848,4.304038736756353,1,-0.885754869219533,0.6830336819721371,0.2474393907885544
65827,632.9519230769231,45.4785287,9.2312688,18.975592,GuidoWalter_DiDonato,105,Deck,-0.7955171747700949,-0.7980225321407286,-11.954322676441656,-7.464722196302869,2.7769408951568115,3.0868244534791147,1,1.772589224635979,-0.5693185508477583,1.5767461436417245
66119,635.7596153846154,45.4785253,9.2314367,13.404776000000002,GuidoWalter_DiDonato,105,Deck,-0.7513071474906485,-0.6289237294885394,-12.614571547580644,0.5499551988024818,2.5779602992448742,4.922176452167332,1,0.3473134847998855,-0.1390055097469806,-0.9706750906369396
66314,637.6346153846154,45.4785178,9.2315237,10.586032,GuidoWalter_DiDonato,105,Deck,1.3458234695968032,-0.8814025989386053,-8.425668929963381,4.972938264486448,10.726817969428968,2.566177985832572,1,-0.0966273606460501,-0.3255283056667918,2.1986072783990167
66511,639.5288461538463,45.47850579999999,9.2316118,12.369508,GuidoWalter_DiDonato,105,Deck,0.075650479003538,-1.2929278223639042,-13.930514681106208,-4.6975191121422935,-0.3848355742107552,-5.999438192983496,1,0.1150395992739437,-0.1802101849723056,-2.7072745779916345
66608,640.4615384615385,45.4785047,9.231661,12.888068,GuidoWalter_DiDonato,105,Deck,1.6039386687659902,-0.4867673685572855,-10.298850755910731,10.647596571520042,3.6115749616942994,3.5211321720536963,1,2.172422300531224,-0.6276710711181052,0.8362632126138845
66705,641.3942307692307,45.4784993,9.2317197,15.734592,GuidoWalter_DiDonato,105,Deck,1.119321383916868,-0.2231137934390052,-10.059427948515989,-17.72507512821159,2.5965838020155623,16.08394858267272,1,0.0071345895278085,-0.4890690202449144,0.4442189992255941
66803,642.3365384615385,45.4784903,9.2317863,18.006995999999994,GuidoWalter_DiDonato,105,Deck,1.4633457186996317,-0.0017605719239922,-8.66324546196078,-4.874791218498742,5.891807637762418,-10.12370113176156,1,1.7885571474118749,1.105334307708992,1.9254280583791288
66997,644.2019230769231,45.4784905,9.231917,16.975432,GuidoWalter_DiDonato,105,Deck,0.9232139457256237,0.2355437151023837,-8.326929533917719,3.2264393936282785,2.225652194440245,0.424517484471366,1,0.3214156318719126,0.4427224692565786,0.8710291064591953
67195,646.1057692307693,45.47849620000001,9.232040800000002,17.719935999999993,GuidoWalter_DiDonato,105,Deck,-0.1956764524587936,-0.6194720601645674,-12.258487607277209,-3.469753129532501,2.9209091671608034,-4.432740465848419,1,0.4939643278893086,-0.9267724407390022,-0.2966342778763931
67291,647.0288461538463,45.4784928,9.232102,16.895796,GuidoWalter_DiDonato,105,Deck,-1.0421873204487406,-0.4052672594324083,-9.922816671097976,-7.368613647006807,4.701550511066422,-5.709553155567519,1,-0.4128722599838548,-0.5457315338917545,-0.48737820525362
67389,647.9711538461537,45.478496,9.2321467,13.3807,GuidoWalter_DiDonato,105,Deck,-1.126805780645783,1.1804415100110894,-9.491599195552649,-1.8835310153236533,3.053138885315097,-11.942595648198845,1,-0.93462750580322,0.5331896142459277,-0.3827979692466154
67583,649.8365384615385,45.478507,9.2322347,10.82494,GuidoWalter_DiDonato,105,Deck,-1.5603736033257116,0.0208829894856192,-9.944021275917445,-3.303697728507498,4.703738449704349,21.668098632786908,1,-0.1982694329191858,0.1617979080405648,0.6251303458975919
67681,650.7788461538463,45.4785072,9.2322648,8.81552,GuidoWalter_DiDonato,105,Deck,-2.944005045693372,-0.0826090707078041,-9.78650666610395,-10.951478407953411,3.4009625106420627,-3.893253873686017,1,-0.2265386496259309,0.2445859639973462,0.189925720467551
67778,651.7115384615385,45.4785053,9.2322755,4.15774,GuidoWalter_DiDonato,105,Deck,-0.2579866115012452,-0.2797186411778918,-9.785630352658584,0.005844797853626,2.2845840753454385,3.578519580334324,1,-0.3245204830482684,-0.2720371700882857,-0.6139109141006731
68264,656.3846153846154,45.478514200000006,9.2322942,1.6371680000000002,GuidoWalter_DiDonato,105,Deck,-0.0106768718409596,-0.8262375027715003,-9.82828340707767,-0.0354792782493622,2.124969697449892,-0.7292252087596429,1,0.0061488032931494,0.0041401589469458,-0.0133288109687974
68362,657.3269230769231,45.4785093,9.2322938,1.4945640000000002,GuidoWalter_DiDonato,105,Deck,0.0020742790047646,-0.983345330982684,-9.792890063389258,0.1988549228641414,2.1283610447424786,-0.7688733208641416,1,0.0061779280000726,-0.000594368352782,0.0124868149430739
68460,658.2692307692307,45.47850820000001,9.2322975,2.1798040000000003,GuidoWalter_DiDonato,105,Deck,-0.0491151935770919,-0.8664297028692156,-9.826665384649528,-1.428199901805056,2.2791802418134983,-0.7056369852564552,1,-0.0050057712289427,0.0013593839560152,-0.0054029774737767
68572,659.3461538461537,45.4785047,9.2323005,2.214992,GuidoWalter_DiDonato,105,Deck,-0.0454783096523436,-0.8160629457613909,-9.81871110713396,-0.2367479010313418,2.2047500290296536,-0.0787484014910324,1,0.02012670794515,0.0032232544265849,0.0081177276442474
