,Timestamp,Latitude,Longitude,Speed,Driver,Weight,Placement,Ax,Ay,Az,Gx,Gy,Gz,Confidence,Jerk_x,Jerk_y,Jerk_z
0,0.0,45.4785095,9.2323432,0.214832,Alberto_Lucchini,73,Deck,-0.0108759118140684,0.1764131742658689,-9.766050627051024,2.326997536685417,1.8897500667304936,-0.7262507182783002,2,,,
499,4.7980769230769225,45.47850379999999,9.232342,0.605604,Alberto_Lucchini,73,Deck,0.0738584917250785,0.2732616156255832,-9.81956074168804,-0.4330222977486309,2.0983905588638256,-0.648006383482838,2,0.0031159186176978,0.0046641176840799,-0.0120488005991852
592,5.6923076923076925,45.47848320000001,9.2323432,0.44448,Alberto_Lucchini,73,Deck,0.0528187207585371,0.3744821491320047,-9.808205862008794,-0.3774701500224933,2.105025470218894,-0.7029841975963906,2,-0.0085656893505062,-0.0140427767666935,0.0111223080139311
685,6.586538461538463,45.478473,9.232320800000002,0.183348,Alberto_Lucchini,73,Deck,0.0681688734846377,0.3937087736322876,-9.843971661609617,-1.277005795531902,2.2795318196855496,-0.6417309908052848,2,-0.0005575147945179,0.012885538924364,-0.0024620410520928
783,7.528846153846153,45.47842470000001,9.2323272,0.07408,Alberto_Lucchini,73,Deck,0.0125765239991085,0.3555131481001392,-9.785172146085571,-0.1838384707161497,2.12105056569426,-0.6950818837661511,2,0.0138245813360751,-0.0015209320888659,0.009173887229176
880,8.461538461538463,45.4784018,9.2323037,0.0926,Alberto_Lucchini,73,Deck,0.0632038689035932,0.2216940369140944,-9.82097426862379,-0.0873180618709104,2.101556879830106,-0.6516651275835157,2,-0.0033478284649365,-0.0066321749706351,0.0046715050496057
977,9.39423076923077,45.478373,9.2322997,0.2315,Alberto_Lucchini,73,Deck,0.1211810889426711,0.2177910852345269,-9.853915583903705,-0.8516627731242408,2.207755377763401,-0.6239679693656663,2,0.0190756396826044,0.0042505749449984,-0.0030403166270982
1074,10.326923076923077,45.4783592,9.232295,0.209276,Alberto_Lucchini,73,Deck,0.0790690223609288,0.2502334013745663,-9.833120135449471,-1.4932332916362354,2.265863615074444,-0.5829692050693921,2,0.0056965458375835,-0.0109907378708474,0.0009200885517763
1268,12.192307692307692,45.4783348,9.232306199999998,0.346324,Alberto_Lucchini,73,Deck,0.0409322394820295,0.2814219338312293,-9.824679739059055,-0.619575515732889,2.1788490923546275,-0.6464094679601446,2,0.0115667269784593,-0.0053593760690641,-0.0025184905001545
1463,14.067307692307692,45.47834279999999,9.2323005,0.311136,Alberto_Lucchini,73,Deck,-0.0078267717741027,0.2970237613329421,-9.830140968783494,-0.4699799853944549,2.15217375453766,-0.6563955369410168,2,0.0141976289213073,-0.0122298359690297,-0.0312674383223381
1657,15.932692307692308,45.4783493,9.232299,0.114824,Alberto_Lucchini,73,Deck,0.0341360481860628,0.3097235832530353,-9.799340175402948,-1.313954999507231,2.213072006496475,-0.6833807763238013,2,0.0022369775641482,-0.0022322800921898,0.0133604160261686
1952,18.76923076923077,45.4783553,9.2322932,0.281504,Alberto_Lucchini,73,Deck,0.1231758655966522,0.9246969699006604,-9.842994230315266,-2.2830429913101806,2.424185513064021,-0.6897587537121703,2,-0.0176709952129577,0.017956739331973,-0.0169617625436462
2051,19.721153846153847,45.47835300000001,9.2322908,0.28706,Alberto_Lucchini,73,Deck,0.180737040048627,0.9429168276354472,-9.796042499683374,1.6927501977998582,1.8787924459697023,-0.7180886503199595,2,0.01243541482307,-0.0077443903970102,0.002825669245368
2638,25.365384615384613,45.4783597,9.2322793,0.22224,Alberto_Lucchini,73,Deck,0.095233124540018,1.0083570098836705,-9.860850548085406,-0.41905581096275,2.176190485548509,-0.6597261302607533,2,0.0017224981875731,0.0124652487120976,-0.0012899081022652
2834,27.25,45.47836229999999,9.2322837,0.340768,Alberto_Lucchini,73,Deck,-0.1096002510343365,-0.1172910036706775,-9.843996013743602,13.759582629564292,0.3889984553098946,-0.7585467125041916,2,-0.0116800612631034,0.0072520432001523,0.0173029724064015
2935,28.22115384615385,45.4783655,9.232284300000002,0.605604,Alberto_Lucchini,73,Deck,0.0305744803001437,-1.007633983164662,-9.766161226406751,-3.2714118747625194,2.4800952516056154,-0.4562721714810261,2,-0.0191712731391369,0.0001783466875773,-0.0050102669542599
3031,29.14423076923077,45.4783687,9.2322828,0.355584,Alberto_Lucchini,73,Deck,-0.1326894287307496,-0.8904132883367415,-9.749259067455696,2.6291046130494684,1.6233379414052655,-0.9496441582579952,2,0.0813025853116554,0.0159932269227184,-0.0270297716321863
3226,31.01923076923077,45.47838170000001,9.2322907,0.5222640000000001,Alberto_Lucchini,73,Deck,-0.0479838862320003,-0.8739619925394091,-9.76502660365787,-1.3562055629058032,2.222836137660781,-0.6562273985665428,2,-0.0018210349568434,0.0207368384800201,-0.0039181456436807
3615,34.759615384615394,45.4783972,9.2322895,0.7130200000000001,Alberto_Lucchini,73,Deck,0.0678808629778564,-0.3686845984863947,-9.829641853403896,0.695737041974287,1.963269877571728,-0.5606520203597691,2,-0.0054109626101335,-0.0088933458928408,0.0071251855520166
3713,35.70192307692308,45.4784025,9.2322913,0.6241240000000001,Alberto_Lucchini,73,Deck,-0.2057229014155673,-0.9870555481152918,-9.63718853363738,1.3873883214587814,1.8226757553215085,-0.616759159682533,2,0.0512505686641401,-0.0051511487454246,0.1068212690633316
3911,37.605769230769226,45.4784018,9.2322947,0.5333760000000001,Alberto_Lucchini,73,Deck,-0.1272255632047907,-1.4560729141884767,-9.679769535771165,-1.0900545382094031,2.140979412958856,-0.6685364764421502,2,-0.0021392975317653,0.0105605684795908,-0.0026553357127223
4106,39.480769230769226,45.4784037,9.232302699999998,1.7056919999999998,Alberto_Lucchini,73,Deck,0.0745667283396939,0.3500098408063544,-9.679815498135143,-8.6323651957861,5.246140985058911,35.68537397939599,2,0.0049236945451581,0.0441858009057249,-0.0431010990369653
4205,40.43269230769232,45.4784028,9.2323105,1.288992,Alberto_Lucchini,73,Deck,0.758402544482063,1.3394790848713791,-10.007354129151013,-3.6952106447513753,1.6245723524453997,6.992674965202613,2,0.0319901143299428,0.0440552274754637,0.1624590687384017
4304,41.384615384615394,45.4784068,9.2323227,4.437392,Alberto_Lucchini,73,Deck,0.7770690593833016,-0.0337844783094124,-10.430631336254743,4.5072751008676,-1.6967297676142792,-27.347854454769383,2,-0.2976969290353889,-0.2504739229359966,-1.5809024668746563
4400,42.30769230769232,45.4784005,9.2323385,5.237456000000001,Alberto_Lucchini,73,Deck,-1.2458667056276334,0.8372172744643389,-10.09379862615518,2.8996992207936496,3.8790427467103386,-3.675944523954436,2,-0.2372140441891386,-0.0763326303968766,0.2190155558422066
4499,43.259615384615394,45.478393,9.232367300000002,9.635956,Alberto_Lucchini,73,Deck,1.1998621550245183,-1.3192644936115456,-10.46152062844331,-9.89810403121922,3.619818209555052,-13.42941767733684,2,0.7388602944584215,-0.0664475399604831,-0.2106939897076962
4695,45.14423076923077,45.4783843,9.2324772,16.990248,Alberto_Lucchini,73,Deck,0.6580307361837785,-0.1490493661042548,-7.54559450812537,10.117573200572696,3.8369939503376056,-5.20692962450816,2,0.4979807554423746,0.3853100451284743,1.5284991346428205
4793,46.08653846153846,45.4783685,9.2325432,18.823728,Alberto_Lucchini,73,Deck,0.3278970080597326,-1.90718692987068,-10.700688328229871,-16.246225943928465,4.531841928017153,-0.0977172331716689,2,0.2144448992046612,-0.7905953815860409,0.1753555532519612
4892,47.03846153846154,45.4783608,9.2326173,21.59432,Alberto_Lucchini,73,Deck,0.9262179478946092,-0.1182672099061023,-8.572308496276861,-0.6674076226951615,3.2530162312244184,-3.5519048813426988,2,-0.2080168646246002,0.1252278421662813,0.7966062828031237
5087,48.91346153846154,45.47837020000001,9.232776199999998,22.63144,Alberto_Lucchini,73,Deck,-0.2279444444804506,-0.4980500289790086,-11.925858819081045,6.152272515843048,0.9651938600985231,-5.422980110616058,2,0.4874732974275777,0.0843610045797879,0.2031429646917022
5186,49.865384615384606,45.4783795,9.2328577,23.401872,Alberto_Lucchini,73,Deck,0.1173088483471814,0.9263356009877216,-8.454677778442631,1.2982739731247706,4.6403529829054815,2.5519661946677674,2,-0.5122331177865991,-0.1287838927303747,0.3349825233809493
5382,51.75,45.478374,9.2330257,22.77034,Alberto_Lucchini,73,Deck,-0.6057105310120029,0.1457382380011884,-10.826608395871055,3.9678884903356537,3.3663178301209866,-3.1218155038120217,2,0.5168204164339981,0.0780770154568594,1.1143362544749618
5480,52.69230769230769,45.47837620000001,9.2331048,23.811164,Alberto_Lucchini,73,Deck,0.2625900876933926,-0.2435508459105685,-9.865802403722466,-9.254043539571056,5.0680627082518255,-5.830209549433974,2,0.0379898320193818,0.3662265776864305,-0.2377160442031645
5579,53.64423076923077,45.4783795,9.2331858,24.024144000000003,Alberto_Lucchini,73,Deck,0.7846440641216714,-1.2586699160410206,-9.449216742527272,0.9063390035553164,2.7649689494786127,-22.226913098091032,2,0.3392198028621628,0.3129752137110044,0.0291568107704627
5675,54.56730769230769,45.4784002,9.2332638,23.91672800000001,Alberto_Lucchini,73,Deck,-0.139997255334501,0.363426020605429,-10.397937444817238,3.989733721429909,3.903933317363279,14.538097425137408,2,-0.0464430035851259,-0.2273938163230737,0.4638325146640057
5872,56.46153846153846,45.4784173,9.23342,23.562996,Alberto_Lucchini,73,Deck,0.0980158315082716,0.0100213827843709,-7.557323778881019,-3.3347965384856533,8.377293940822966,4.10498452280125,2,0.2224177694881891,0.246685659034896,1.25158638975312
6070,58.365384615384606,45.47843029999999,9.2335827,23.840796,Alberto_Lucchini,73,Deck,-0.1903139248656513,0.0832587883343877,-9.101068022303336,3.956784705511188,0.5171065063413707,1.2782309129513818,2,-0.1289267653909332,0.0496997256031255,0.8558341070567206
6265,60.240384615384606,45.478449,9.233742800000002,23.657448,Alberto_Lucchini,73,Deck,-0.2930876588358729,0.6306822981695835,-8.323932391990958,5.198874694304884,2.174171585067809,0.5060833877888733,2,-0.8230706707414398,0.3727728504413578,0.2380562597409153
6365,61.20192307692307,45.478456,9.233825,24.070444,Alberto_Lucchini,73,Deck,0.2480034186120494,0.1232508382788405,-10.416367019439956,6.06996823758479,-0.3202300575676853,2.573957888690832,2,-1.2892771424218894,0.1258054290822228,2.22875350001941
6462,62.134615384615394,45.4784573,9.233904,22.809232,Alberto_Lucchini,73,Deck,-1.6069048220548667,-0.1060902310446994,-8.091299947568213,-26.557114577412552,1.8698583730927136,8.650972134819932,2,-0.9058288363207057,-0.5273072050903503,0.0686335821147476
6560,63.07692307692307,45.47845529999999,9.233982199999998,23.275936,Alberto_Lucchini,73,Deck,0.9006642153337063,0.2771609359762157,-8.05151591660692,1.724639513053917,-4.204407591411232,-2.2284916590080703,2,0.2949242858377297,-0.6051481056607482,0.5865079063726881
6658,64.01923076923077,45.4784578,9.2340553,19.92752,Alberto_Lucchini,73,Deck,-1.0741494792817652,0.0940526780859502,-10.056290495556354,11.743251361983605,4.638344599717863,-10.291723808101631,2,-0.3460602314400585,0.1933172681474516,-0.1733450832540377
6757,64.97115384615384,45.4784618,9.234109,14.377076,Alberto_Lucchini,73,Deck,4.320728419236076,0.3347229321684269,-11.853755997354536,-12.693833149200524,15.742997145914831,2.710456375344412,2,-1.541930438406541,0.0472247112233545,-4.872275819403974
6855,65.91346153846153,45.4784763,9.2341567,14.595612,Alberto_Lucchini,73,Deck,-0.5695081245964346,0.1064248946017641,-11.066155083487477,18.06291927281667,0.4045969057477179,-9.10346193230734,2,0.1484113350066747,-0.2185492019083525,-1.1641181225530364
6954,66.86538461538461,45.4784792,9.2341963,10.663816,Alberto_Lucchini,73,Deck,-2.1906058371972708,-0.6876407774821528,-13.430603417075949,-0.7602784672184302,8.410102953691627,36.38291365191343,2,-0.2106706921950358,-0.2508584319333624,-0.9196329066653596
7050,67.78846153846153,45.478468,9.2342143,8.704400000000001,Alberto_Lucchini,73,Deck,0.3252076088225106,0.3710585117858615,-9.376036500156776,9.9343871273086,9.326063761612946,39.55606259908353,2,-0.2940083277699745,-0.2134122721390521,-1.6479309994968592
7149,68.74038461538461,45.4784633,9.2342053,13.743692,Alberto_Lucchini,73,Deck,-2.8144564245105563,-2.5275271925993112,-19.96161091284209,-25.32108630556706,-14.08765101030496,11.839144761317629,2,-2.5897469860056104,-2.3895312307911096,-9.352648066499308
7247,69.68269230769229,45.4784288,9.2342012,16.042023999999998,Alberto_Lucchini,73,Deck,-2.084776899395357,1.0290542878001296,-9.975304627165633,-15.204609228710316,-7.349565701049026,19.667201490080988,2,-1.2981008340691091,-0.1099345739075323,0.2217524039594582
7346,70.63461538461539,45.4783892,9.234207,18.699644000000006,Alberto_Lucchini,73,Deck,1.5506885951280411,0.0832410100385339,-9.841510167176049,7.337485878147085,2.242047577100007,-14.4228850355342,2,0.3026908626129878,-0.0793190947943169,-2.1006170763355296
7443,71.56730769230771,45.478339,9.234207,20.049752,Alberto_Lucchini,73,Deck,2.6983511208922253,0.0355331087444779,-7.112697925735158,-5.714354600795487,0.4245162101972047,2.9439844557165022,2,-0.4549461956577114,0.1528307308792095,0.1382261194657967
7542,72.51923076923076,45.4782852,9.234205,21.74803600000001,Alberto_Lucchini,73,Deck,-1.2030942060353116,-0.8225964696896,-11.9225828242146,-11.310144177354506,9.040765514392747,-9.715598973144072,2,0.2448582900225029,-0.1714117463348441,-0.8823417758445906
7641,73.47115384615384,45.4782305,9.234195800000002,22.301784,Alberto_Lucchini,73,Deck,-0.961844222468362,0.1367837355727077,-10.072089286431847,-3.462902531563432,-11.614602883775577,7.437530526466131,2,0.9679400664794772,-0.2970420265952954,-1.0922667043883738
7739,74.41346153846153,45.4781735,9.2341953,22.462908,Alberto_Lucchini,73,Deck,-2.352397448114128,0.0675603936273066,-12.74414378009509,-3.606218868995937,-5.076628717078418,-7.422262373718388,2,0.0333007170976515,-0.0366951949769708,-2.397878405527249
7836,75.34615384615384,45.4781208,9.2342008,21.253552,Alberto_Lucchini,73,Deck,0.6878367967076116,-0.471895855813697,-10.55889526963459,0.1340321182062518,-0.8679052948339168,-0.8708388949945265,2,-0.137066901341865,0.1227789076206993,-0.9637005341887795
7934,76.28846153846153,45.478067,9.2342023,21.507276,Alberto_Lucchini,73,Deck,2.6291682406198267,0.1158106338332177,-7.588460203873355,1.4038061169807017,8.513919951571118,-3.095608981409889,2,0.604110680325117,0.1342119155689995,1.7394490331404135
8031,77.22115384615384,45.478014,9.234193800000002,21.986944,Alberto_Lucchini,73,Deck,-0.8794999411498685,-0.0959275035751734,-5.704156638943589,-2.318633941476121,4.28546603521815,-0.3794405969814809,2,-0.4860043534138948,0.0623509055128187,0.5912510308675278
8231,79.14423076923076,45.477898,9.234193,22.359196,Alberto_Lucchini,73,Deck,-0.1843724068219049,-0.5978178801663893,-11.917730482937715,-2.6047217350472582,11.076210577146249,-2.0193339769860907,2,-0.198165776063572,-0.1126336404015103,0.1069843621501771
8329,80.08653846153847,45.4778438,9.2341862,21.635064000000003,Alberto_Lucchini,73,Deck,0.048476318562968,0.5968337078164008,-12.499461842492392,9.831417273079609,-3.6313067200919473,-1.2555671420151402,2,0.2243306595171196,0.2676807341110999,-4.47792985534843
8524,81.96153846153847,45.47772970000001,9.2341797,22.514764000000003,Alberto_Lucchini,73,Deck,-2.9616948599782704,-0.2036380392301268,-18.61843417987941,-9.642567114849818,11.68872773860879,11.859515164747286,2,-0.5290740554246147,-0.5566983800297136,1.260574523805495
8623,82.91346153846153,45.4776792,9.2341907,22.19992400000001,Alberto_Lucchini,73,Deck,-1.2049890883044303,-0.1668355918385038,-11.34005495786158,-1.851655537057873,0.3729172492801083,-5.018800143437383,2,-0.125304384111351,0.1868383214594741,-0.4774504931062449
8719,83.83653846153847,45.4776203,9.2341977,22.31104400000001,Alberto_Lucchini,73,Deck,0.691180067139099,-1.0503318099523444,-12.226626123551052,0.4908384071035825,3.0653006889278047,-4.730869375754506,2,0.2335024205927261,-0.2375173237138121,0.0199309863812633
8819,84.79807692307692,45.47756320000001,9.234197300000002,22.277708000000004,Alberto_Lucchini,73,Deck,0.2371003736766623,0.0076209131018315,-10.050098537199537,-1.7450432103431583,1.7423426761534544,-3.4614203993345223,2,-0.1467809950347515,0.1353716184231587,-0.6702706532434028
8917,85.74038461538461,45.477511,9.2341793,22.06287600000001,Alberto_Lucchini,73,Deck,-0.002850751251026,0.7912906780285199,-11.23542846133871,-4.432708960850423,-2.231865550680685,5.670994216914432,2,0.6052519084606443,-0.0987122172391486,1.1023812061461822
9016,86.69230769230771,45.4774555,9.234178,21.914716,Alberto_Lucchini,73,Deck,-2.153691840703772,0.0065942143408008,-10.955749497671723,1.4586855639758114,-5.253430673758474,-1.0829391883229773,2,0.2349810100335956,-0.014095668264035,-0.8838389849040809
9112,87.61538461538461,45.4774005,9.234171,21.507276,Alberto_Lucchini,73,Deck,1.297940750124894,0.1525149823119822,-10.30265386874716,-2.6181230933575854,4.762849164139709,4.435482795465148,2,1.1091624269153044,-0.1263958833238398,0.5904355882086989
9310,89.51923076923076,45.4772803,9.2341875,22.844420000000003,Alberto_Lucchini,73,Deck,-0.1193495211713552,1.1148048381564777,-7.474301068091735,-0.2859903957140153,1.932936668324612,6.636307965196682,2,-0.3718470491039797,0.1274488816312691,-0.0944192122734568
9408,90.46153846153848,45.4772168,9.2342112,20.896116,Alberto_Lucchini,73,Deck,-1.2135930782104856,1.3586730384323875,-7.8084370775490815,-8.70878049336325,8.572066575260529,5.456625040227609,2,0.8065385755665488,0.2189207682566416,1.74329677106485
9506,91.40384615384616,45.477172,9.23422,16.082767999999998,Alberto_Lucchini,73,Deck,-2.2867709547587887,0.5225403174282419,-9.081258400196589,11.538212572846565,2.3091296007045297,-0.6549897047865754,2,0.1715136287394627,-0.0627436300829067,0.9944206867686384
9604,92.34615384615384,45.4771395,9.2342207,12.517668,Alberto_Lucchini,73,Deck,-0.8612890620847966,-0.3050039266297924,-9.766387828820877,2.637031995744254,-1.1245293014793178,10.73022956148209,2,-0.0108564174125809,-0.0643088332638695,0.4418668675566515
9703,93.29807692307692,45.4771157,9.23421,10.282304000000002,Alberto_Lucchini,73,Deck,0.581508578718888,-4.036705830847653,-12.545414926110755,-0.9109186902738772,25.91842659611555,38.55691533569379,2,-1.94132604582666,-2.074507300310287,-10.816622579606342
9799,94.22115384615384,45.4771022,9.2341822,12.475072000000004,Alberto_Lucchini,73,Deck,-1.136417361805071,0.6933526246487116,-9.65935923440266,-11.786985824333188,5.297303959837686,27.713050936237565,2,-0.1866884803672768,-0.510989621029009,-0.7987796964737761
9898,95.17307692307692,45.47710170000001,9.234142,12.893624000000004,Alberto_Lucchini,73,Deck,0.3377826033533714,0.3869587254993959,-9.23985946810567,-0.407526206790386,5.652657675871563,12.716613647069266,2,-1.3777574130619958,0.0675536047446061,-0.2026534328280433
10094,97.05769230769228,45.4771063,9.2340387,16.810604,Alberto_Lucchini,73,Deck,-0.2071084085613985,1.1500312042107632,-11.45155704942852,-6.446152523772162,-0.6640179175545304,3.555922146124158,2,1.1187296082034506,0.1553600142753304,1.920953838863048
10193,98.0096153846154,45.47710429999999,9.2339752,19.453408000000003,Alberto_Lucchini,73,Deck,0.8307398733542888,0.5669100073304364,-12.083067645611678,-3.530841433433092,4.485650126806196,8.251925333401589,2,-0.4295081176451003,0.2048283768553455,-2.0480465039161047
10291,98.95192307692308,45.4770698,9.233914,21.199844,Alberto_Lucchini,73,Deck,-1.9847728193677696,-0.130984335107483,-13.090110080015616,-2.43493086354389,-3.758279237024559,-4.071849744293536,2,0.0314544910924023,-0.1096402876477569,-0.5811817061630098
10390,99.90384615384616,45.47706420000001,9.2338587,18.570004000000004,Alberto_Lucchini,73,Deck,1.1913006456986726,0.2000372827847748,-9.030057483880649,0.4338314364823765,5.958678476373046,0.7511934490326668,2,-0.071289656327977,0.1022797466577301,1.6730792387781683
10486,100.82692307692308,45.47706820000001,9.2337932,19.403404,Alberto_Lucchini,73,Deck,3.178980579089321,-1.7110993430232602,-10.760697725409589,-4.2804301565687854,-3.3870356050694315,-3.4351498843637263,2,3.2866117056376374,-0.4965723908924911,3.883018914657331
10585,101.77884615384616,45.4770698,9.2337337,19.171904,Alberto_Lucchini,73,Deck,0.3527428829033492,1.7134920992540004,-6.463122276946996,-2.658958864751744,-3.328043626981976,9.221273441129965,2,0.1260347446970131,0.0953293257705372,0.6627995182192912
10683,102.72115384615384,45.4770892,9.2336837,16.45502,Alberto_Lucchini,73,Deck,-0.2736423690188922,0.2773435484203798,-11.837879231860716,11.607111524525497,2.6213165022511893,-1.0082221487091152,2,-0.3332488258916403,-0.1419491325062378,-0.3902688758789044
10782,103.67307692307692,45.4770947,9.2336055,19.746024,Alberto_Lucchini,73,Deck,-1.4260663383347958,0.6496626013159422,-10.716771104583035,-19.18358208723453,2.6530788530746663,2.699483232555365,2,-0.4301732959464374,-0.0844376941849955,-1.8344388314173783
10878,104.59615384615384,45.477105,9.2335473,16.580956,Alberto_Lucchini,73,Deck,0.7916291611966624,0.2066421301496299,-11.319930245642851,15.96911867064686,6.550943110694634,-5.16378376585582,2,0.3392349102022737,0.1526565586847895,0.7516003894216094
10977,105.54807692307692,45.4771058,9.2334865,14.160392000000002,Alberto_Lucchini,73,Deck,0.7278473086730451,-0.7225506444290257,-11.633928184225876,-2.033683079914536,3.958186478537727,-10.130948158597525,2,0.2254996922458983,0.1075808761823168,0.6523402973148897
11075,106.4903846153846,45.4771015,9.233422,14.015935999999998,Alberto_Lucchini,73,Deck,1.0137402762733372,0.1202786735066647,-5.036935541853076,9.026204266060844,5.164799919009808,2.810592349163586,2,-0.4171368116008805,0.1241080388072099,0.8211748787312656
11367,109.29807692307692,45.4770667,9.2332975,9.697072000000002,Alberto_Lucchini,73,Deck,1.6121984126644873,0.1896280646069437,-9.47038484492104,-1.12190966008021,13.042679473156564,4.503559896041648,2,-1.1986847492693489,0.0851377178327042,0.9555816587327186
11464,110.23076923076924,45.4770718,9.2332288,15.162324000000003,Alberto_Lucchini,73,Deck,1.1485312572341049,-0.0827164302381115,-8.222085980988183,4.899743531241461,-1.4285448503762632,-9.846645880917071,2,-0.7483257341106431,0.0315287715358649,-0.7636716864921702
11563,111.18269230769228,45.47707070000001,9.2331582,14.521532,Alberto_Lucchini,73,Deck,-1.262483967267918,0.6112359168798714,-9.35726002805473,-2.44930583957567,1.027496055851755,10.882133923234804,2,-0.0109791372591077,0.1797005925086142,1.6721832716750902
11661,112.125,45.4770787,9.233095,15.606804,Alberto_Lucchini,73,Deck,-3.3340379223282257,0.0214742296426118,-14.068917092336008,-4.200230061017144,-17.917087577423036,2.950579571054213,2,-0.308999242973583,0.1373612120805309,-3.461204036206748
11759,113.06730769230772,45.4770797,9.2330243,15.132692,Alberto_Lucchini,73,Deck,0.1124186124263511,0.2778542626992908,-8.48112285003572,-2.2041571206881265,5.1030031382681775,0.9853307792140678,2,0.4898536134954825,-0.1538272931024965,1.0412738955831171
11856,114.0,45.47709129999999,9.2329677,15.01972,Alberto_Lucchini,73,Deck,-0.0944960044383229,0.2165344763308774,-10.333587472751642,4.598837866293971,-1.0911168864617915,0.6155394505352172,2,0.1436928869279061,0.0961975420350875,0.2698162041146332
11955,114.95192307692308,45.4770907,9.2329163,13.039932000000002,Alberto_Lucchini,73,Deck,-1.2496416363419998,0.164987908004398,-12.56837604334642,-1.1700394685460649,11.529988078457675,-2.1723477305620382,2,-0.3126622433281362,0.276265456724345,1.823598283267346
12051,115.875,45.4770977,9.2328582,13.860368,Alberto_Lucchini,73,Deck,-1.6707912506468352,0.5859234907111076,-6.1149305514633605,-0.5984796014427185,-5.3422448614675,3.3555002144325234,2,-0.6106964172353609,-0.2917614375779823,3.5338223263785133
12250,117.78846153846152,45.477131,9.232741,11.319424,Alberto_Lucchini,73,Deck,-0.3000096649872847,-0.1169843632884913,-10.3068487660974,-5.675298501953334,13.8308210002813,7.8331358663758435,2,0.5956684699925157,-0.1732238084233353,1.7437573405418068
12348,118.73076923076924,45.477137,9.232667,16.756895999999998,Alberto_Lucchini,73,Deck,2.6723755588700686,-0.1176402202443158,-10.22649298970687,8.397747772694132,-0.2675888401292656,-9.831868888730131,2,0.8499543784895438,0.1785918545610609,2.6318812339784348
12445,119.66346153846152,45.4771397,9.2325845,19.401552,Alberto_Lucchini,73,Deck,-0.8911306631225071,0.2986071701270019,-5.932320800379287,-7.386301892705183,2.2091842137943285,-0.3784513863951196,2,-1.2554797502207742,-0.0412484602959487,2.7291085907930928
12642,121.55769230769228,45.4771352,9.2324508,13.934448,Alberto_Lucchini,73,Deck,0.602047022353287,-0.6945051071524,-16.047566689393115,3.2243201058206834,-1.8615976333113384,-9.130343609645225,2,1.116371717794092,-0.2543516725082314,0.7339295764218754
12837,123.43269230769228,45.47714179999999,9.2322572,20.096052,Alberto_Lucchini,73,Deck,1.3082678289388312,0.2398728898253906,-10.128509277410258,6.482634824928403,22.82296622036536,-3.0292468193894764,2,-0.7629192517790466,0.1719290683302825,1.6926935902044296
12936,124.3846153846154,45.4771558,9.2321632,19.090416,Alberto_Lucchini,73,Deck,-0.5654868978538881,-1.7223847064628457,-7.62673505050266,-4.918517221931199,4.864887406392,-8.360319837068124,2,0.0423635818724796,0.1413715034011191,1.7255874771836446
13034,125.32692307692308,45.47717720000001,9.2320878,17.229156,Alberto_Lucchini,73,Deck,-0.4860721849356142,0.4881604496651246,-12.647033576820188,-7.489862159987009,7.528515293300858,12.736081260128286,2,-0.24949792540275,-0.0732069182982622,1.1846249146729342
13133,126.27884615384616,45.4771812,9.2320042,18.357024000000006,Alberto_Lucchini,73,Deck,1.1344473425636468,0.1796962226668262,-12.009788800259676,-1.7438007683404793,3.43532869005512,-7.514875905624257,2,0.4030771163741776,-0.3228505058993866,-2.3214681883899377
13329,128.16346153846158,45.4771617,9.2317945,21.509128000000004,Alberto_Lucchini,73,Deck,-0.3267289988438981,0.972192600066308,-4.9387838155084784,1.0084983278674078,4.3421653826190205,-1.4902309124003574,2,-0.1074769817215784,0.2822085517209872,3.330790878605945
13525,130.0480769230769,45.4771503,9.2316408,16.629108,Alberto_Lucchini,73,Deck,0.7222283454309557,-0.4333375690590898,-9.78669961292048,1.0843743671344064,-4.218725147414202,-9.579001650209536,2,0.8934079721881789,-0.2807083294381874,-0.1914609206946345
13624,131.0,45.47714179999999,9.231567300000002,16.180923999999994,Alberto_Lucchini,73,Deck,1.2578241535423254,0.6147204971122491,-7.800524800454202,39.570628428699976,2.039418196728457,-19.331966892110763,2,-0.3650490345995328,0.1065074489570071,0.3833002786188606
13722,131.94230769230768,45.477157,9.2314875,18.105152,Alberto_Lucchini,73,Deck,0.7954190222714155,-0.448717118856717,-9.05403831275811,-27.070456724435765,9.82464532819974,9.131417951103735,2,0.3436498268543166,0.2037435424987805,1.072473292361277
13818,132.86538461538458,45.4771593,9.2314027,19.583048000000005,Alberto_Lucchini,73,Deck,0.726492840263115,0.1952452245257634,-9.579731172530607,-1.0213384029306811,0.8959158649337744,-3.5653250103733067,2,0.043847880446437,-0.1077619549997911,-0.2870862402752685
13918,133.8269230769231,45.4771683,9.2313058,22.535136,Alberto_Lucchini,73,Deck,-0.1484662248856946,-0.0979386730462312,-13.826534720752996,-1.96795864674244,7.03137962579012,-4.432365606346088,2,-0.954410808089756,-0.2846934913915932,-1.920707015458511
14017,134.77884615384616,45.477155,9.2311945,24.318612,Alberto_Lucchini,73,Deck,0.3428689738311239,0.0318531377651721,-8.035690799535315,20.399557674097515,3.5727906086003363,-8.365846421299997,2,-0.0544986831451531,0.1863078902805919,-0.0792112494966081
14115,135.72115384615384,45.4771153,9.2310633,23.824128,Alberto_Lucchini,73,Deck,-1.061006136769374,-0.2482459575908829,-6.525624664301446,-15.88444217008398,2.486974659085849,10.110776667228963,2,0.0053944940060943,-0.0221713021735475,5.842227326392349
14214,136.6730769230769,45.4770995,9.2309653,22.574028,Alberto_Lucchini,73,Deck,-0.7404445660976902,0.1481358790180654,-5.811466356379031,-9.215119960187334,3.2391044575846486,-3.110217517832808,2,0.2619438243266423,0.1403186137162894,-0.7443204391373754
14408,138.53846153846158,45.4770845,9.2308072,20.255324,Alberto_Lucchini,73,Deck,1.276482842621162,2.0275736320632327,5.928132530319224,-1.2984273020843922,33.2680053212423,8.278843068080779,2,4.187770768309057,0.5268449255960439,24.232966677498062
14608,140.46153846153842,45.4770827,9.2306618,16.617995999999998,Alberto_Lucchini,73,Deck,1.318207459969842,0.0399795848531087,-9.531303650845652,-2.126332711251408,3.23417476984368,4.595521095695396,2,1.2698021263613726,-0.0451153210774688,0.5707483305142595
14704,141.38461538461542,45.47708400000001,9.2305977,15.067872000000005,Alberto_Lucchini,73,Deck,-0.9617133640742176,0.0347431756800628,-6.292526853602622,-0.4851501448515685,6.605036435778327,-5.322274152573126,2,-0.5186249678779015,0.1966834568650883,0.2908997144495675
14802,142.3269230769231,45.477087,9.2305545,11.913916,Alberto_Lucchini,73,Deck,-0.5539350923635498,0.3147092735144802,-9.428490622158131,-3.688975475753261,-2.003709017654157,-1.6441339708414846,2,0.2691003621247294,-0.0238228286452002,0.4333153260388087
14999,144.22115384615384,45.4770842,9.2304842,6.50978,Alberto_Lucchini,73,Deck,-0.7513642341147009,-0.3518901438880625,-9.521383411195613,6.728593746509553,2.768425471965708,-22.97708880599087,2,-0.0139661040456695,0.090616004349551,0.3195159843715203
15097,145.16346153846158,45.4770768,9.2304533,4.5929600000000015,Alberto_Lucchini,73,Deck,-0.0713801807257928,0.0477368433109851,-10.456976674930628,-0.8409675294060084,2.432512449730906,6.656366810623792,2,-0.2145351393382393,-0.0160493867868993,-0.1481918326994762
15294,147.05769230769232,45.47706470000001,9.230385,3.82438,Alberto_Lucchini,73,Deck,-0.8018028735811531,-0.2007730944516001,-10.98198708410661,-6.855348834132623,23.28677199926372,16.252902361112298,2,-0.607764054788413,-0.0379806456741294,0.193293539848339
15491,148.9519230769231,45.477054,9.2303492,2.0872040000000003,Alberto_Lucchini,73,Deck,2.367176986248108,-0.2145083624933638,-10.272059380977892,1.5286170946086934,-0.1908881932916255,4.132084776655547,2,0.4748625539830798,0.1252630736909396,-0.2356958433947333
15588,149.88461538461542,45.4770527,9.2303233,4.0855120000000005,Alberto_Lucchini,73,Deck,-0.3372752185626606,-0.7804987053930927,-12.498761071052089,-3.045177640668788,7.431955278216449,1.2408162380215542,2,-1.5454689691518055,-0.1110717984814326,-1.1309181978299383
15785,151.77884615384616,45.47702750000001,9.2302108,13.395516,Alberto_Lucchini,73,Deck,1.0330356807678216,-0.2183225955797204,-9.0517805825678,6.1410547249935,-2.9005334814497568,-1.7641315595478355,2,-0.1510233536619571,0.2733097040840689,-1.0517078661915829
15882,152.71153846153842,45.477027,9.2301505,14.628948,Alberto_Lucchini,73,Deck,0.5178616342716453,-0.0726127677441264,-12.289403445827556,0.7200511119432362,10.886243001022024,19.000296735147828,2,-0.0099763866683577,0.7099076771716103,1.3608401302043838
16079,154.60576923076923,45.4770465,9.230023699999998,15.495684000000002,Alberto_Lucchini,73,Deck,-5.125162415004271,3.861085403860234,-21.0294365722392,-5.071527954592732,20.05891992376441,22.679883703296053,2,-2.1392940062292247,-2.2507039106165965,2.6351953427148587
16177,155.5480769230769,45.4770535,9.2299687,13.830735999999998,Alberto_Lucchini,73,Deck,0.7604682957145348,0.2461100128390173,-8.961967958027087,-10.05296824867072,-6.900173547991022,6.809336671746324,2,0.8877230850744221,-0.4168384653183802,2.2732190915297643
16275,156.49038461538458,45.4770653,9.2299102,15.458644000000003,Alberto_Lucchini,73,Deck,-4.071697444210972,1.8439069945829167,-9.303842277717864,5.9155506050538085,-27.19581139547404,3.2448101563630454,2,0.097131629947861,-2.361537137987748,-1.2738923635687165
16374,157.44230769230768,45.4770708,9.2298467,16.188332,Alberto_Lucchini,73,Deck,3.349850845240879,0.1726585186555407,-7.240888709607018,-3.830790042152031,4.834952297676622,3.150145267624916,2,0.0470154773556545,0.1062827127770061,0.8309263439736911
16470,158.36538461538458,45.47708,9.2297797,17.555107999999993,Alberto_Lucchini,73,Deck,0.7525127990759508,0.8977487203727625,-11.58694426749022,0.6686690498112817,5.985850517192474,6.09416988857443,2,0.1556870013352935,0.5140074952715952,1.7185590775229418
16569,159.31730769230768,45.4770845,9.2297085,18.490368,Alberto_Lucchini,73,Deck,-4.383091708924123,0.3525126802421545,-12.701778343590036,0.2605630830915761,-5.754545375837416,5.199091222081437,2,-1.3320876996875222,0.0646924903463438,-1.0783931647968412
16668,160.26923076923077,45.47708220000001,9.2296338,19.031152,Alberto_Lucchini,73,Deck,0.568915217264746,-1.0487706193713802,-10.225007071849292,12.515081574014475,4.633802597810946,-11.078536373628973,2,0.8961668202734032,-0.3646154266597503,1.242826919699359
16766,161.21153846153842,45.47707800000001,9.22958,16.151292,Alberto_Lucchini,73,Deck,-1.7715333744934263,0.0416524815359437,-11.455984190836404,6.346483736600073,-0.3808641573829439,-10.168078016107376,2,-0.3963361904556935,0.1670513901284017,-0.0733593945866548
16863,162.14423076923077,45.47705379999999,9.2295227,14.836372000000004,Alberto_Lucchini,73,Deck,-3.300252826726,-0.8596657833026262,-13.227928305015707,1.5739947081391985,-11.027301579626355,-1.214484098636647,2,2.436591353968838,-0.4079105349839752,2.066922320905819
17060,164.03846153846158,45.4770293,9.2293998,15.838304,Alberto_Lucchini,73,Deck,0.4319421640895209,-0.7475549474598864,-8.484023523735914,-10.093786634627318,-0.5806315270469788,3.85008885747962,2,2.0004534193492978,-0.482792600945117,2.2882674569979926
17159,164.99038461538458,45.4770192,9.229316699999998,18.96448,Alberto_Lucchini,73,Deck,0.7917606349626274,0.2631158659164189,-5.964085457364362,-13.923109246644028,11.154474598765397,16.79387685928849,2,-0.7489942530879745,0.2569145302049229,3.0583813788279866
17258,165.94230769230768,45.4769958,9.2292425,19.2145,Alberto_Lucchini,73,Deck,2.0112503021669883,-3.01108034136476,-7.513245177397229,-6.378356933079301,14.389130585363604,-26.49636408932917,2,-0.1670020442840347,1.038653676651483,7.550418390051117
17356,166.88461538461542,45.4770012,9.2291637,20.227544,Alberto_Lucchini,73,Deck,0.0500612482608905,0.6738183557569691,-14.002514472928487,-14.393105395357,6.486710592616747,15.557367717401304,2,0.4491802136061035,-0.4609138772784919,-1.3981082385961583
17452,167.80769230769232,45.4770163,9.2290775,21.2517,Alberto_Lucchini,73,Deck,-0.283269782391625,-0.0689995016672733,-8.149493222997933,0.7858623033061605,0.3778943851533403,-5.940329438294108,2,0.7885998453992913,-0.0070926681858983,0.4331659409373607
17551,168.75961538461542,45.47702879999999,9.2289897,21.559132,Alberto_Lucchini,73,Deck,-0.9258987477312974,0.3348402563208571,-9.821386953286314,-0.4027953898440089,-12.574569279042429,-3.4998243306344894,2,0.6466466415130172,-0.1328373241667401,-9.063342355839549
17649,169.7019230769231,45.4770583,9.228923,20.0942,Alberto_Lucchini,73,Deck,2.7967587030715446,0.2109807430831988,-4.717800580293833,-1.0012889140367838,6.303908131316347,-4.8090516446368365,2,-0.1168259310575456,-0.1311414695258009,-1.650075726628928
17748,170.65384615384616,45.4770655,9.228848,19.768248000000003,Alberto_Lucchini,73,Deck,0.8586018870764556,0.2135184976959772,-6.3382859250538806,0.9076655386648488,5.112804821676439,16.69259753340953,2,-0.3573400755957161,-0.1747333295015679,0.554984634124712
17847,171.60576923076923,45.4770858,9.228766,20.583128,Alberto_Lucchini,73,Deck,-0.6016328924950993,0.1993430612804768,-9.51716196972354,-5.506832010977004,6.75812081573266,-2.3499354417967115,2,0.2559510203277036,-0.2077832851926565,0.7379861592139285
18041,173.47115384615384,45.4771022,9.228603199999998,20.764624,Alberto_Lucchini,73,Deck,-1.3182408184626548,0.2210245203025475,-10.03654084201864,-4.15226728897022,0.8291471683470863,0.0295703577514538,2,-1.2314179703803527,0.3072318343506932,-0.2185476849057277
18140,174.4230769230769,45.4770995,9.2285307,18.521852,Alberto_Lucchini,73,Deck,-1.5976974192496722,0.804855515105679,-8.763756352627663,2.330267101558148,-7.254511871638114,8.06872209827559,2,0.2978156147088906,-0.1747790223528919,-1.2052080766228908
18238,175.36538461538458,45.4771078,9.228468,16.50132,Alberto_Lucchini,73,Deck,1.8830833529866151,0.2804857939799313,-14.489808845681416,2.2959009776859696,17.574191958225615,-2.8077636074587824,2,1.5896900765616029,-0.4056739465903321,-1.4867518563765074
18338,176.3269230769231,45.4770985,9.228405,14.712288,Alberto_Lucchini,73,Deck,-3.5767886884954945,1.1649786016187025,-12.144531205924626,-10.957714811519777,9.63138738487118,14.544590913459336,2,-2.293102653366444,-0.0583481702181292,-3.868466795762121
18435,177.25961538461542,45.477091,9.2283213,16.95506,Alberto_Lucchini,73,Deck,0.8486453491779093,0.1260101863631055,-7.815813277827532,2.3681629827616013,4.81415357527168,-1.945882259985216,2,0.6942156915519537,-0.425137097564813,0.7261209342783186
18535,178.22115384615384,45.4771033,9.2282597,16.19574,Alberto_Lucchini,73,Deck,0.2095427784057121,-0.3217804814523565,-8.085473962383077,8.405461134415697,-2.0827787699339413,-5.317169964347395,2,0.0871386057246395,-0.1229277672500329,0.5279258569700396
18632,179.15384615384616,45.4770955,9.2281745,18.597784,Alberto_Lucchini,73,Deck,2.6930891014956417,-1.8798457610842307,-12.39157262954585,-21.11158982206368,-2.948007246753532,2.2707525700439666,2,2.2746277333451035,-0.4996842928192346,1.874277188620944
18730,180.09615384615384,45.4771,9.2281037,18.457032,Alberto_Lucchini,73,Deck,0.8211999935926493,1.158288646404344,-3.95562381652602,18.822762990443216,12.204366690597734,-1.1995690552337717,2,-2.23238581268727,0.2817424565015114,10.76303810989
18828,181.0384615384616,45.4770985,9.2280367,17.886616,Alberto_Lucchini,73,Deck,2.184221515051684,-0.7182676357861109,-6.218367400187995,-18.108018154855912,0.3271067084896329,9.79462607514528,2,0.1441163879836891,0.1668563249119632,1.4665410340967355
18928,182.0,45.4771062,9.2279708,17.681044000000004,Alberto_Lucchini,73,Deck,-0.4162798015075333,1.0067903345662794,-15.613569986950194,-18.69959072397305,-14.356787441578426,10.767400463695829,2,-1.0236815992053574,-0.1092280501722877,-2.3161910061595368
19123,183.875,45.4770902,9.227826,17.558812,Alberto_Lucchini,73,Deck,1.8607239096005983,-0.0728842156896559,-6.787412288585728,2.532810186043711,2.785763352118997,-4.6320257156849385,2,-1.0707146228225153,-0.2278439860262649,3.264183815799494
19221,184.8173076923077,45.4770875,9.227749800000002,17.814388,Alberto_Lucchini,73,Deck,-3.13676684684389,2.503568866576288,-9.06293110277754,-7.317127922204609,14.95113216628791,10.693672622139914,2,3.1716614894270485,-0.2812909330950859,6.266249103982885
19319,185.75961538461544,45.4770825,9.22768,15.484572000000002,Alberto_Lucchini,73,Deck,1.1671469912166106,0.4668139913019616,-10.235237235513395,-5.9440676811736175,8.896967234943636,7.035627491621393,2,-0.0721071396499191,0.0881458460607251,1.4446898595013966
19418,186.7115384615384,45.4771022,9.2276322,13.245504,Alberto_Lucchini,73,Deck,0.3497705402863003,0.3407012776856734,-7.742351554568184,9.188301578828948,0.6548635253415664,-1.898170064830711,2,0.9292676253739244,-0.054937715575875,0.6600884335794275
19517,187.6634615384616,45.4771125,9.2275823,10.847164,Alberto_Lucchini,73,Deck,-2.039618813007439,1.2898521750475127,-20.837968770840767,14.458245528924284,35.96466981390999,31.794523155540727,2,2.848562755842546,1.8931019199238777,10.234517778289913
19613,188.5865384615384,45.477111,9.2275335,9.245184,Alberto_Lucchini,73,Deck,1.9697274845785024,-0.8326105412235271,-5.95863732110813,4.844570283907549,1.1452443007278972,14.782203277905731,2,0.4434343652881629,0.0954798916158975,0.7516053781307175
19712,189.5384615384616,45.477133,9.2274785,9.928572,Alberto_Lucchini,73,Deck,1.2098291387013675,-0.2806458920642812,-5.151192170072736,-8.388568736682391,12.915484278760507,25.604003717786807,2,1.4022507218191549,-0.3044027265299738,4.88364576209656
19810,190.48076923076923,45.4771843,9.2274575,14.623392,Alberto_Lucchini,73,Deck,-1.7313584941674869,-0.0968006652834097,-12.507971866419526,-16.43948009596282,2.0241500251428466,17.049576138017613,2,0.2924111874784272,0.3662351223922409,0.0192066727859625
19909,191.4326923076923,45.4772325,9.2274515,19.712688,Alberto_Lucchini,73,Deck,-0.7363344530113074,0.4301925999834953,-11.83342524341064,2.803193415591989,2.866598278973304,-5.1013596812753255,2,-0.4274884766753869,-0.1440779137454796,0.6234998714558966
20005,192.35576923076923,45.4772803,9.227441,21.470236,Alberto_Lucchini,73,Deck,-2.8159574204198305,0.1166589039701549,-18.099950325023823,-4.407488848836757,4.022304496296388,-3.40372261362969,2,1.1549515415114875,-0.7881414080490764,-4.154148061819475
20399,196.1442307692308,45.4774895,9.2273853,23.54818,Alberto_Lucchini,73,Deck,1.0570985846077858,-0.4671397333052589,-10.044585879212194,4.328872646912581,-2.8182232166025303,-4.510013487966836,2,-0.157483462295535,0.144684515922787,0.1458320288699433
20496,197.0769230769231,45.4775443,9.227376199999998,23.174076,Alberto_Lucchini,73,Deck,0.7062852541882372,0.2912007605734693,-3.7168585929031344,-3.1287125535750264,8.060804787176838,1.8081333355012363,2,0.3366941389748314,0.0864044756494103,5.445935831746705
20594,198.0192307692308,45.4776033,9.2273707,23.711156,Alberto_Lucchini,73,Deck,-0.3509258656374056,0.1380702895754092,-9.452904997288158,1.3528079365378267,1.0255375093319223,5.034831151597408,2,-0.5436505558609815,0.1303061147243094,-1.9941760191539792
20693,198.97115384615384,45.4776583,9.2273745,23.240748000000004,Alberto_Lucchini,73,Deck,0.0278451397230456,-1.6389129815790169,-10.962304910025738,-9.873951316674098,10.052337421691178,-16.425904779405013,2,0.6989502779431159,-0.2013405857052592,1.2541656271949222
20791,199.9134615384616,45.4777167,9.2273693,23.1963,Alberto_Lucchini,73,Deck,0.646550164493413,-0.1970675319558008,-16.101523391179796,8.922266947513107,1.5902876917036464,-16.67490434123085,2,-0.0490910661572643,-0.4059546785995692,-3.099672400766652
20889,200.85576923076923,45.4777695,9.2273385,21.823968,Alberto_Lucchini,73,Deck,-1.4285481939579734,-0.8488955088951179,-13.2039827511848,1.8155559627212283,-1.695320144793956,-27.28424358145728,2,-1.1817129886998614,0.3479421141631752,-3.2941015335970523
20988,201.8076923076923,45.47782150000001,9.2272847,22.65922,Alberto_Lucchini,73,Deck,-0.0910546616476659,0.8408729395119019,-10.681319579404809,3.7708357225096014,10.591223703109376,19.274708827418987,2,-0.3310783638416641,0.3505228000950834,-0.4059035772660096
21086,202.75,45.4778808,9.2272437,22.92776000000001,Alberto_Lucchini,73,Deck,-0.9134145912660192,0.2373727300428471,-8.758976258391568,-10.892399866328743,-4.024796787276841,8.56530448003878,2,-2.96046911452742,0.6765881530449206,-9.695875159652187
21185,203.7019230769231,45.47793950000001,9.227214300000002,22.837012,Alberto_Lucchini,73,Deck,-1.4213830263857492,-0.6305700637542011,-5.3687750934324425,-6.723484353841433,10.455378808639477,14.297168412398536,2,0.6581115296375994,-0.4319290927571749,6.974182700159262
21281,204.625,45.4779978,9.2271958,23.174076,Alberto_Lucchini,73,Deck,-0.6871762410744493,-0.5371861320468935,-15.319685391628676,-9.95574285801977,1.0601144319906566,-0.0809421220142807,2,1.033762024469985,-0.533107464399274,-0.5463972365187679
21381,205.5865384615384,45.4780542,9.2271872,23.218524,Alberto_Lucchini,73,Deck,0.9087147316747408,-0.0409671331303454,-10.147940210860687,-1.196170134502886,3.3786847998136045,-0.4935986108808326,2,0.1517246556938735,-0.1118607906415492,-0.699878731947738
21479,206.52884615384616,45.4781123,9.2271747,23.40928000000001,Alberto_Lucchini,73,Deck,0.9521789574470892,-0.0524018636085334,-10.671704260130332,0.5230038899401177,2.6914723650854047,-4.841257719306818,2,0.0710493070404038,0.05977445633041,-1.2521392959165052
21676,208.4230769230769,45.4782297,9.2271583,23.60003600000001,Alberto_Lucchini,73,Deck,-1.056719681210374,-0.1161916901399645,-4.840937991164991,4.057788467823114,6.580109978417737,-22.396588162437205,2,-1.5209385053250253,1.068139565478895,-1.890297162369535
21772,209.34615384615384,45.4782877,9.2271418,23.57596,Alberto_Lucchini,73,Deck,-0.675712612871842,0.8367974054053535,-11.766867536912422,16.282616663414895,6.250732379111398,26.64038161920557,2,0.3986325136729381,0.5009280633489772,1.376855345569874
21870,210.2884615384616,45.4783468,9.227155300000002,24.009328000000004,Alberto_Lucchini,73,Deck,1.6898466734141324,-2.448210254675508,-14.199821689740435,-18.282920009187546,20.972477012833146,14.200185327977929,2,1.7378261133116923,0.0952993993870334,-3.9844284888854062
21970,211.25,45.478389,9.2271797,20.370148,Alberto_Lucchini,73,Deck,-1.3299461231428615,1.898432443578264,-9.419223851726226,-24.534305990837037,12.720763200989596,43.14604361644581,2,0.6475808572478801,-0.4636855543378262,-0.8462176380050934
22068,212.1923076923077,45.4784262,9.2272187,19.173756,Alberto_Lucchini,73,Deck,-2.02710341522044,-0.7919722831557372,-11.352495618750195,-3.5957820326870045,4.902786277772785,-20.402439611823706,2,0.3006895900844717,-1.0660546922956242,-0.7763732765851987
22167,213.1442307692308,45.478469,9.2272335,18.119968,Alberto_Lucchini,73,Deck,1.1674691242240665,0.5915907376862479,-11.367688934667129,0.7025276864597498,5.675606975738332,-26.697447349451245,2,0.3541794716295767,0.7775050332173312,-2.1276858756340182
22263,214.0673076923077,45.4785132,9.2272232,19.014484000000003,Alberto_Lucchini,73,Deck,0.3147620173553858,-0.1831098708854436,-9.351640965711256,9.257270237436542,0.118774163326492,-7.112006134446577,2,-0.2908122035506304,-0.03842931151568,0.6695277639769532
22361,215.00961538461544,45.4785625,9.2272232,19.933076,Alberto_Lucchini,73,Deck,0.9030928547951742,-0.1906194059338347,-12.126374514477014,-4.967386474348965,0.2779854523300513,-4.2857954365353095,2,1.4590011984049325,0.0230391852646373,2.178333746362476
22559,216.9134615384616,45.4786707,9.227213,21.735072,Alberto_Lucchini,73,Deck,0.5360103183269351,0.9527970056577286,-7.216236949446852,7.993114606364774,2.5606877759976228,2.912697208214234,2,-0.4982567132161251,0.0909287554614572,-0.2724537047592248
22754,218.7884615384616,45.478783,9.2272107,22.524024000000004,Alberto_Lucchini,73,Deck,0.0440552661914448,0.4048727725752933,-8.797600504232742,-6.5306819528716735,2.3492723289870483,1.1444472273449806,2,-0.4000188616200703,0.0833140950213663,0.2549106129086063
22852,219.73076923076923,45.4788418,9.2272062,23.062956,Alberto_Lucchini,73,Deck,1.2763794251863876,0.918922410593788,-8.712458027519796,8.992235918933874,4.667320373426644,8.188245081699446,2,-0.0537966726256986,-0.2047422270006021,0.1180416508911026
22951,220.6826923076923,45.47889970000001,9.2271965,23.290752,Alberto_Lucchini,73,Deck,1.83812375852576,-0.2307193922019189,-7.575427608189907,6.130697126204745,9.30140930410782,-6.7056930265982055,2,0.4863279461170616,0.2680842177669554,3.1406150753957665
23050,221.63461538461544,45.478952,9.2271978,22.794416,Alberto_Lucchini,73,Deck,0.4503560069598385,-0.5973424398081928,-11.150338412410116,-3.569885215312165,-1.4545978885043531,-2.362964158716148,2,0.9019960982497894,-0.0644890822614279,1.7860145454387233
23245,223.50961538461544,45.4790575,9.22719,21.1128,Alberto_Lucchini,73,Deck,-0.6501871490906663,0.2293138359371381,-6.3664466148245005,-7.244135649723402,-3.1767074969261637,0.6650921804676084,2,-0.00627709606001,0.085440477163629,-0.4270769461781629
23344,224.4615384615384,45.479101,9.227181300000002,18.377396,Alberto_Lucchini,73,Deck,0.7780018896203555,0.7161815804742977,-7.818557860323403,14.679017484690288,3.4375151740440657,10.262370909915113,2,1.3669678734265582,0.0695829691328604,2.9253218513765544
23442,225.40384615384616,45.4791322,9.227182199999998,14.978976,Alberto_Lucchini,73,Deck,0.1038802709735757,0.06754000893838,-10.199904664835376,9.00857490661335,6.766120804792597,24.39952252951572,2,0.0036180386011895,0.1725550072884583,0.2615820325871603
23539,226.3365384615384,45.47914779999999,9.2272002,9.830416,Alberto_Lucchini,73,Deck,-1.931563634436718,-0.0512563593627041,-12.963267961468716,0.6557505925461542,16.196275098999955,34.533069717560124,2,0.3559095873048141,0.439246702170716,2.035516853112135
23638,227.2884615384616,45.4791593,9.2272413,12.756576,Alberto_Lucchini,73,Deck,-2.1575885836974504,1.0865662156681302,-12.849322348344328,-8.312785873816892,7.290354760608734,44.16553068227739,2,0.0799451498438337,-0.0636846243553495,0.5339597069840973
23834,229.1730769230769,45.4791658,9.2273392,16.58466,Alberto_Lucchini,73,Deck,1.8017507701865287,-0.1404555353494366,-9.45659370763755,2.6685832467653188,-1.459901860289624,-9.395455475399045,2,-1.9564626974221109,-0.1915361821920327,-5.20982163459971
23933,230.125,45.4791712,9.2273955,17.806980000000006,Alberto_Lucchini,73,Deck,0.8295844302238842,-0.0665448842738669,-14.05856879092102,4.611562642861365,-1.0744536470438133,-1.274023112176235,2,-1.261004918022309,-0.4060426564095596,-4.741922314816696
24031,231.0673076923077,45.4791712,9.2274608,19.025596,Alberto_Lucchini,73,Deck,-3.4972783514106136,0.0762420565288082,-10.072287443848548,21.058343995480087,3.2719687907836263,-7.161394480869037,2,-0.677536288743577,0.4109166629050299,0.3246047684937956
24226,232.9423076923077,45.47918129999999,9.2275622,15.303076,Alberto_Lucchini,73,Deck,-1.9743872596108585,0.3652015848791436,-9.284744939590745,-10.21508005095342,16.500043074644346,-47.58551877102646,2,-1.833781615100741,0.6999517759406613,-1.0612155317810696
24326,233.90384615384616,45.47920670000001,9.2275777,11.300904,Alberto_Lucchini,73,Deck,2.332329152563044,0.2851084098238978,-9.571002561328193,20.625236370164824,0.8057310565974296,-9.69679682095664,2,1.0174722663554432,0.1563701630135831,0.3455038940412827
24620,236.73076923076923,45.479236,9.227692,13.669612,Alberto_Lucchini,73,Deck,1.3341937219688154,0.3951520166295488,-8.766027991392582,1.990577177774211,3.498209390092493,3.802342122823231,2,-0.3036012646616628,-0.0440033372147163,0.5158318960628367
24719,237.6826923076923,45.4792448,9.2277572,17.571776,Alberto_Lucchini,73,Deck,0.5492893718863532,-0.7714543811819687,-9.997336096517348,-3.683643522825242,2.550662832622251,-9.937387553902347,2,-0.1193391951682074,-0.1499076187729409,0.5343103606741089
24815,238.60576923076923,45.47924550000001,9.2278417,22.036948,Alberto_Lucchini,73,Deck,0.6315030529872538,0.1505995199672302,-8.833160473670672,1.3352214462414405,4.756247018314868,6.842045167797309,2,0.3221519669995656,-0.1937323000060878,1.6449506169838362
25209,242.3942307692308,45.4792612,9.228159,23.364832,Alberto_Lucchini,73,Deck,0.6455553151789306,-0.200482068896997,-9.012877750803517,0.1226354777464293,2.337022008549194,2.462688325528105,2,0.3802409839875264,-0.1571172092771849,0.5183783956291705
25308,243.34615384615384,45.4792635,9.2282415,23.663004000000004,Alberto_Lucchini,73,Deck,-0.3407231388619361,0.0853785910096836,-9.883588392115836,-6.109117981238162,2.638006290277902,1.7880663671785664,2,0.0750959347284299,0.0929842530160949,0.4249543906202344
25698,247.09615384615384,45.47926500000001,9.2285657,22.485132,Alberto_Lucchini,73,Deck,-0.8788789792336407,1.0216623787936518,-9.809570243231924,15.982815863005106,-0.6939695463023261,3.606435871797968,2,-0.2123747424220858,-0.0599471953944852,-0.6160325200848966
25794,248.0192307692308,45.4792617,9.2286455,23.105552,Alberto_Lucchini,73,Deck,-3.535610080877088,-0.7525337666858923,-7.557712661306075,-0.8676133772066303,-20.10352492922313,-5.983033948382079,2,-0.1110861650125971,-0.5280248604393911,-8.658006915995799
25892,248.9615384615384,45.4792612,9.2287288,23.5204,Alberto_Lucchini,73,Deck,0.657931716426323,0.3112425786640061,-10.322436381782556,-6.3188523466892015,4.560772734533393,9.088899705256363,2,-0.3681502335048088,-0.4712233473374456,-3.1160662081788306
26088,250.84615384615384,45.479257200000006,9.2288913,23.03702800000001,Alberto_Lucchini,73,Deck,0.7959751210156472,0.2701733351373403,-9.860978425501704,-8.381031058846743,1.9239309300007832,2.4809395966479864,2,0.5621410600178594,0.0357529322980892,0.4492783613803759
26184,251.7692307692308,45.4792493,9.2289728,23.125924,Alberto_Lucchini,73,Deck,0.9893351734633982,0.5291990692286144,-10.704829170718543,-1.8602666847698328,2.346230227421869,-0.6297433508908652,2,0.135360262589693,0.1130442317227341,-1.006190297278536
26283,252.72115384615384,45.47924370000001,9.2290532,23.2889,Alberto_Lucchini,73,Deck,0.4415533548739095,0.7029364247442135,-10.606145233824416,2.1172081428463136,3.0101679239846355,4.053558385365515,2,0.1996523252248026,-0.5236277115652171,0.0952178109154289
26382,253.6730769230769,45.4792483,9.2291285,21.866564,Alberto_Lucchini,73,Deck,2.6230768318620403,-0.7761311427600309,-8.982139365913888,4.396329488407119,1.2253470955236971,-7.3166643644746525,2,0.4250727935446186,0.0342314360818515,0.3735829313759371
26480,254.61538461538456,45.4792502,9.2292092,22.451796,Alberto_Lucchini,73,Deck,0.0178212741576179,0.5844820975743678,-10.570770934395178,0.8205291027205148,1.4383537230651635,4.111084760929615,2,0.7241437984898301,-0.024905213314549,-1.014327219597897
26576,255.5384615384616,45.4792453,9.2292932,23.353720000000006,Alberto_Lucchini,73,Deck,0.4947266392462985,-0.0426646293713428,-8.990207170664151,0.2472404492386668,3.070054422070012,-4.384562795263381,2,-0.0038830242656404,0.0925950886949288,0.6472047726207357
26677,256.50961538461536,45.479246,9.2293788,23.874132,Alberto_Lucchini,73,Deck,0.0594351562225462,-0.210986689008494,-10.358112877655222,-5.331864815354958,3.0491922267931626,0.7473056617179834,2,-0.034251839843549,-0.1517232045769484,1.0629544581589467
26773,257.4326923076923,45.47924920000001,9.2294668,24.126004,Alberto_Lucchini,73,Deck,0.5564020816204276,0.5788465992377356,-8.962776206410872,-1.9657587025614305,2.6317414211380536,7.634081002864263,2,0.2999980873942603,-0.1476692259811561,0.5583382996834594
26971,259.33653846153845,45.4792408,9.2296332,21.744332,Alberto_Lucchini,73,Deck,-1.271594447912226,-0.3091021326286711,-10.526482617819578,-5.976700779836094,3.244168334289884,2.392907007531922,2,0.4412764872288064,-0.0769450407634166,-0.0299309489158527
27069,260.27884615384613,45.479233,9.2296897,17.823648000000006,Alberto_Lucchini,73,Deck,-0.1827312034120909,-0.4352449176916532,-10.403009112858982,-0.5240859154458759,3.5089928877098515,-19.40516291969389,2,-0.113413344960926,0.2466458559212185,-0.7280003827490179
27363,263.1057692307692,45.4792253,9.229798,8.017308,Alberto_Lucchini,73,Deck,0.0975907478879316,0.7051921970278885,-9.568124667611071,-5.093411962434676,1.619618605117405,25.63874985468947,2,-0.3353658645719129,0.0472510046403614,0.0387833999039752
27461,264.0480769230769,45.4792265,9.2298265,8.02842,Alberto_Lucchini,73,Deck,-2.063509800026794,0.3875951145392748,-8.087108569120693,2.930357474234832,8.241585826335104,-20.208229825308763,2,-0.3543807921476178,-0.1950201160729542,-0.0398012254333774
27558,264.9807692307692,45.4792243,9.2298493,6.2968,Alberto_Lucchini,73,Deck,-1.7746979153715774,0.0517551798512603,-9.428167768279891,6.6949705941515925,2.32274331261351,6.892262537396989,2,-0.1265903132505965,0.1396334629560749,1.242667676730978
27852,267.8076923076923,45.479212200000006,9.229897,4.224412,Alberto_Lucchini,73,Deck,0.8132446319044004,0.2900456994592647,-8.791101765280121,8.935398636999487,3.9107218502154577,20.599349191057264,2,0.6918666356149511,0.5318508987530399,-1.415479284177489
27950,268.75,45.4791972,9.229898,4.807792,Alberto_Lucchini,73,Deck,-1.1759634802538623,0.6365638944962014,-9.730777461324124,-15.150937938374447,3.9510508828378414,32.520636359630835,2,-0.0980262217215539,0.1307460443647102,-0.7215358635352906
28048,269.6923076923077,45.4791842,9.2299047,4.720748,Alberto_Lucchini,73,Deck,0.3616182723258612,0.3358011066861973,-9.136908159687904,-2.055673409707689,3.900190569980954,-14.030566231768187,2,-0.3588626226722522,-0.0344080536187488,0.4944754272948551
28145,270.625,45.47917620000001,9.229905699999998,3.4262,Alberto_Lucchini,73,Deck,-0.1098925803775176,-0.2963490401842425,-10.444319771294415,14.595773906306928,-2.0914512842185644,-24.060941682074706,2,-0.2364487312541762,-0.0950506932285748,-0.4672939356299359
28634,275.3269230769231,45.4791787,9.2299122,0.3944760000000001,Alberto_Lucchini,73,Deck,-0.1101387853481196,-2.581102143798212,-9.488624873789234,-10.804185434536633,4.745830685142146,6.595141573584392,2,-0.0246140742177994,-0.0685992208285175,-0.2628040349296281
28830,277.21153846153845,45.4791808,9.2299102,0.7852480000000001,Alberto_Lucchini,73,Deck,-0.0009640673020963,-0.9070391259821377,-9.775460497574867,11.585590558827905,-3.1006435480478016,-14.085789537419275,2,-0.0646942462537423,0.1523741066449638,0.2173239578856129
28929,278.16346153846155,45.4791825,9.2299135,0.2778,Alberto_Lucchini,73,Deck,-0.0821018288521744,-2.3071940030215683,-9.52065145119985,-0.9542242144621528,2.269335982735844,-0.4865300306670681,2,0.0160043188878812,0.0322820449932916,-0.0039364824353871
29027,279.1057692307692,45.4791845,9.2299193,0.655608,Alberto_Lucchini,73,Deck,-0.0973425789313882,-1.8448585220433515,-9.640493320710435,-2.483146668993562,2.425727388395422,-0.4570495278422664,2,0.0125716269407468,0.0105556416691221,-0.0025794931892235
29222,280.9807692307692,45.4791847,9.2299303,0.7074640000000001,Alberto_Lucchini,73,Deck,-0.0838778369601671,-1.7037896294734396,-9.667713669476376,-3.0491509531512784,2.481702105233749,-0.5128815313248518,2,0.0144103444535403,0.0317178201183079,-0.0103027479715098
29419,282.875,45.4791895,9.2299395,0.237056,Alberto_Lucchini,73,Deck,-0.0882560530163446,-1.3659244650961526,-9.70735552815214,-2.857315850424581,2.4135333316869647,-0.5052841230410445,2,0.0008028033316465,0.0077908350714617,-0.0179869014286069
29515,283.79807692307685,45.4791873,9.2299425,0.3444720000000001,Alberto_Lucchini,73,Deck,0.0801467480970326,-1.7818940577599651,-9.719030638244693,7.519575577963216,1.1238940070599126,-1.5908941621322956,2,0.0134619049048486,0.0011784206791121,-0.0186912527778364
29713,285.70192307692315,45.4791873,9.2299512,0.764876,Alberto_Lucchini,73,Deck,-0.2387436449074032,-0.9998671015229172,-9.789439002766285,-12.449227964300034,3.3243700345566536,0.1848878189312373,2,0.0009192930041364,-0.1343167615509037,-0.0379508983928449
29908,287.57692307692315,45.479185,9.229955699999998,0.44448,Alberto_Lucchini,73,Deck,-0.2080364234890756,-1.2895752499480255,-9.708384978162256,-2.8576750848654644,2.4535476025680176,-0.4547003722578209,2,-0.0351086938654648,0.0167669754830046,-0.0254015705913204
30008,288.53846153846155,45.4791827,9.229956,0.5389320000000001,Alberto_Lucchini,73,Deck,-0.0676584503946347,-0.8749889619263859,-9.795537655745283,1.5517300169297452,1.978298647095376,-0.5799991980575268,2,-0.0044337239871632,-0.0058633975241323,0.0079211986450449
30104,289.46153846153845,45.47918,9.229952699999998,0.122232,Alberto_Lucchini,73,Deck,-0.0971259848603313,-1.5372225858341042,-9.680202015595777,-1.8546397906533416,2.3281292591668272,-0.4563915314995173,2,-0.0245658496775089,0.002781311899014,-0.0114616049437525
30202,290.40384615384613,45.4791755,9.2299537,0.63894,Alberto_Lucchini,73,Deck,-0.1392313265890226,-0.196741975550832,-9.81888472239064,-8.670520419739697,3.2552631873035764,-1.0874293037572302,2,0.0148657456891616,0.0065799918126807,-0.0203754416706765
30399,292.29807692307685,45.4791667,9.2299625,0.4870760000000001,Alberto_Lucchini,73,Deck,-0.0247718883531987,-0.8758973487845853,-9.737236287309836,-1.305355223028001,2.254071318122378,-0.5446993421041393,2,0.0247153147163334,0.0042160627853294,0.0203796299647738
30497,293.24038461538464,45.4791635,9.2299627,0.561156,Alberto_Lucchini,73,Deck,-0.0503347242340029,-0.7537035676816384,-9.739790815418475,-4.419228729665144,2.639191827617415,-0.5478821241286917,2,-0.0148770061644162,0.0596700550959601,0.0118335390313468
30790,296.0576923076923,45.479152,9.2299713,0.6907960000000001,Alberto_Lucchini,73,Deck,-0.001179205193212,-0.5097791048996856,-9.774170963356845,-0.6749691716964619,2.165542332018759,-0.5910908767317204,2,0.0011322323237238,-0.0065648408999163,0.0111062094105562
30986,297.9423076923077,45.47914779999999,9.2299798,0.6000479999999999,Alberto_Lucchini,73,Deck,0.0361538972598254,-0.3159011421266865,-9.7833259876026,-0.3781629740740384,2.157040703474041,-0.6216343682872898,2,-0.0085830299472221,0.0030610070913074,0.0329375726219254
31085,298.89423076923083,45.4791472,9.229985,0.30558,Alberto_Lucchini,73,Deck,0.0832648534879446,-0.2157572878886458,-9.827690981950475,-10.80479543372741,3.263314548850752,-0.6372655483659315,2,0.0035843151351534,0.049564377326005,-0.028027700317228
31378,301.71153846153845,45.4791475,9.2299735,0.135196,Alberto_Lucchini,73,Deck,0.7177135191328452,0.9998483309264484,-9.86136041786714,0.1621698684108277,1.7107102090816344,-0.986161945532154,2,0.0006169491685947,0.0271939012176292,-0.0022823928881781
31476,302.65384615384613,45.4791463,9.2299778,2.965052,Alberto_Lucchini,73,Deck,-0.3261163115895342,-0.9832188133735664,-13.682943930277569,16.292503049432927,4.601846493397342,-17.192556272174574,2,-0.3829350974096501,0.157850682551998,-1.1828261962659496
31574,303.59615384615387,45.4791508,9.229999,5.163376,Alberto_Lucchini,73,Deck,1.777596738469994,-0.2648840344554632,-9.651384141829922,-3.8749156598977454,4.636451502998948,-43.4922060948423,2,0.6665804404746978,-0.5202607107151804,-0.0853760521772422
31673,304.54807692307685,45.4791655,9.2299917,8.082127999999999,Alberto_Lucchini,73,Deck,1.799132061078048,0.0464356757157366,-6.26853118091773,11.208570969642045,-0.2625833199161134,31.796998640069624,2,-0.1238599704855945,-0.6626189696158884,-2.412566838009366
31770,305.4807692307692,45.4791748,9.230021,9.823008,Alberto_Lucchini,73,Deck,3.8727085124652088,-0.1936839929960394,-5.629131551125264,-8.652944302485661,15.058925510886366,38.77481107227292,2,1.620345292901208,-0.3702990868023105,-3.363149597650457
32063,308.29807692307685,45.4791638,9.230135,10.75086,Alberto_Lucchini,73,Deck,-9.72000325996329,1.44504150404007,-16.153732961656196,11.085300671697452,-23.034110966856183,10.021669515635136,2,-3.7660789596999296,0.0483822823292905,-3.888651302096751
32160,309.2307692307692,45.4791415,9.23015,8.446972,Alberto_Lucchini,73,Deck,-2.5908652318653216,0.1484901565266807,-11.253359804180992,5.2610900943548415,23.07561341675243,59.76078999511486,2,0.208946218010773,-0.1875645412065438,0.1747365587892844
32257,310.16346153846155,45.4791297,9.2301303,7.5080079999999985,Alberto_Lucchini,73,Deck,0.2856422157827024,0.1123856869364178,-8.537543647609425,-42.82170732978976,2.745898950066589,24.3917464457824,2,0.607805688133936,0.0331881616736402,0.9845940074995844
32357,311.125,45.4790985,9.2301248,13.008448,Alberto_Lucchini,73,Deck,1.133406223156058,-0.4717125358532464,-12.048960620093286,16.138685253163267,14.82332359951225,-48.800201983416464,2,-1.131927602450383,0.3809644174783321,-1.9980372338744024
32453,312.04807692307685,45.47906029999999,9.2301148,15.449384000000002,Alberto_Lucchini,73,Deck,0.2149451376505712,1.024623692462448,-11.301703918016518,11.461279440390229,-0.8734834389094681,7.311470776768812,2,-0.0560255662881737,0.4089362377513145,-1.4345134342527857
32551,312.99038461538464,45.47901829999999,9.2301185,18.032924,Alberto_Lucchini,73,Deck,-1.5746525693615805,0.7226994343043238,-9.10701281789026,5.3699409130035685,3.741409601743536,14.733888669488586,2,0.0078619338002852,-0.03537856807724,0.2481271285044233
32649,313.9326923076923,45.47898170000001,9.2301175,15.032684,Alberto_Lucchini,73,Deck,-3.638135900901281,0.9626550563678304,-9.995234483959392,6.448054137910278,0.6275582086903772,22.72103461926065,2,-0.1311973100817929,-0.3713035130970957,1.3043827347593524
32747,314.875,45.4789608,9.2301195,8.387708,Alberto_Lucchini,73,Deck,-0.0043876455661392,-0.2889183963320458,-11.59161159025702,-12.47142652437438,-2.0345907725496053,1.0899420575977734,2,-0.2207178884200426,0.2243949807764516,-0.222025653506666
32846,315.82692307692315,45.478927,9.230116699999998,14.423376,Alberto_Lucchini,73,Deck,-0.4505016066173394,-1.5997069439024292,-11.95830418321476,-2.7666502047265293,13.644137792816794,-25.368665580543865,2,0.1327268478554265,-0.1043782150087659,0.4567595065730181
32942,316.75,45.4788855,9.2301213,17.790312,Alberto_Lucchini,73,Deck,0.8308280338108458,0.5002915631640628,-11.784251734182115,5.090837313128656,3.3727897266791813,6.414762014239124,2,-0.1033415936447254,-0.0601728213363936,-1.4804123766104915
33040,317.6923076923077,45.47884129999999,9.2301295,17.52918,Alberto_Lucchini,73,Deck,1.6427549659605405,-0.8417719587673214,-13.715513436796984,-6.984735246145997,-5.586125472531161,-1.6448477960445511,2,0.6661118636696247,0.1341456278798236,-0.7748636645881284
33139,318.64423076923083,45.4787847,9.2301317,21.560984000000005,Alberto_Lucchini,73,Deck,-0.0010680636205944,-1.4604473398182063,-8.072259306773972,9.22490218454838,5.970303618031564,-18.99970941581373,2,-0.8960572255757424,0.3060701188952328,0.5846893020548887
33237,319.58653846153845,45.4787263,9.230119,21.89804800000001,Alberto_Lucchini,73,Deck,-1.4396416004585062,-0.5929387587127145,-2.1261711768834,-7.6918270092494705,1.6881185780812091,-3.3069604405291004,2,-0.9800823819853192,-0.0106462607225891,-1.95322775762804
33335,320.52884615384613,45.4786785,9.2301138,17.532884000000006,Alberto_Lucchini,73,Deck,-2.8716150883944134,-0.5998182986631415,-7.689321572633003,-5.03523613816788,0.3251226031310148,0.0927917076056923,2,-0.6642925240476303,0.1792562536560101,4.899872454063531
33431,321.45192307692315,45.4786335,9.2301145,14.312256,Alberto_Lucchini,73,Deck,-0.336555672118328,-0.5836779721581857,-11.446559268212486,0.4477851995898869,4.513427195822404,-25.748827702904467,2,0.1668333933806252,0.1481437185968979,-0.9610186591353038
33529,322.39423076923083,45.478598,9.2301272,11.72316,Alberto_Lucchini,73,Deck,-3.424910720212643,0.3902459884424384,-12.57858552816165,-11.322359327081118,14.074299403599234,-37.77836745188785,2,-0.3178825118053314,0.2391794505573203,-0.5302502581056867
33627,323.33653846153845,45.4785798,9.2301627,10.508248,Alberto_Lucchini,73,Deck,4.680110207344716,-1.4732124242732445,-8.413605646225509,14.050505320651071,26.003680647396173,-39.62368917013442,2,1.4726156370150818,-0.1641995958761628,1.6395155450334666
33725,324.27884615384613,45.4785718,9.2302192,14.982679999999998,Alberto_Lucchini,73,Deck,-0.9344679224004726,1.2418810450546414,-12.009014080303414,-12.577784039185328,2.3559079121422632,-9.955365380932804,2,-0.7063136095934186,-0.0294851852139856,-0.0356863989843585
33822,325.21153846153845,45.4785668,9.2302753,16.893944,Alberto_Lucchini,73,Deck,0.7344245814354272,0.5088680275369222,-12.066855926176094,5.541621982595927,0.7257484482089582,5.6755024440392114,2,-0.0721521356870741,-0.2572775056309924,-1.1318242598642936
33920,326.15384615384613,45.4785685,9.230346,20.097904000000003,Alberto_Lucchini,73,Deck,0.3002940436585149,0.5211038623283338,-10.417135982487055,-4.383742473124924,1.3536994600832468,9.987564351732242,2,-0.5387717246264845,-0.2554019854548591,-1.0668708172882615
34116,328.03846153846155,45.4785658,9.2304905,19.834920000000004,Alberto_Lucchini,73,Deck,1.014916763539705,-0.2929098386702356,-10.664139977571349,-1.325595861593664,9.03844417889535,3.961722546553742,2,-0.0815432299198417,-0.2059793586170928,-0.5120324065670516
34310,329.90384615384613,45.4785547,9.230652699999998,21.949904,Alberto_Lucchini,73,Deck,-0.4505563674638022,0.6318191906731253,-12.091874833385198,-5.39765475998944,2.4122808827984823,10.534387507954731,2,0.4156911238653589,-0.2057728271188146,-1.3759427369619228
34409,330.8557692307692,45.4785588,9.2307348,22.44809200000001,Alberto_Lucchini,73,Deck,0.2267024990904083,-0.2061902481613752,-11.082290115749297,5.261054447320731,4.655005781857291,-11.751127538403392,2,0.6737982757238351,-0.0348052548162705,0.1057059450835797
34702,333.67307692307685,45.4785547,9.2309837,22.516616,Alberto_Lucchini,73,Deck,-0.1437259568779323,0.173078279487974,-9.37008063812983,-0.6274623754323998,2.174377574901174,2.6989629351798543,2,0.2068673116691074,-0.1953492488141898,-0.1147993562308009
34800,334.61538461538464,45.4785583,9.2310632,21.88138,Alberto_Lucchini,73,Deck,1.339452082384948,0.3601448754132885,-13.764875086931616,-3.280943318995428,3.0796529574011773,2.7911601792728056,2,0.9219083668163156,0.2719953960299058,0.825825234435893
34899,335.5673076923077,45.47855429999999,9.2311425,21.422084,Alberto_Lucchini,73,Deck,-0.4628128744860837,0.6262108813893776,-12.342324076235226,2.3905905823317792,2.1369723545852084,0.0228121998459354,2,0.608184689753047,-0.4724501955647882,0.8459818622646296
34995,336.49038461538464,45.4785528,9.2312157,20.372,Alberto_Lucchini,73,Deck,0.0247165973841951,0.4811342646254102,-5.998696373911686,-5.727849849382329,4.114691901573647,5.507573734952147,2,-0.3017843656558834,-0.2826152768650785,3.783236161616157
35093,337.4326923076923,45.478542,9.2312977,20.994272,Alberto_Lucchini,73,Deck,-1.8462406306144,0.522507394396051,-6.911563414957178,1.8880361865864503,3.6755446808588927,-0.1574589419860279,2,0.5209688884066412,0.3889101050296789,0.5658204553565644
35192,338.38461538461536,45.47853,9.2313582,15.684588,Alberto_Lucchini,73,Deck,-2.3432388603703025,0.6243942618735091,-6.754225164816402,4.52778885529141,-1.0372299043776367,-2.0315492238201776,2,-0.3602812878265715,-0.18998844607138,0.0778605084022583
35290,339.32692307692315,45.4785218,9.23141,13.92704,Alberto_Lucchini,73,Deck,3.923932559153888,-1.0687917296441685,-9.878884874450245,3.595906596962862,31.91476325661741,5.7065405056450045,2,-2.9854700223398045,-0.0607323794324252,1.8040225950493929
35487,341.22115384615387,45.478504,9.2315467,19.75158,Alberto_Lucchini,73,Deck,0.510428371673258,0.0122052118394826,-8.308888890193604,0.5471324080196771,-2.5133061672242984,4.181461810670041,2,0.4541959230515625,0.0722255122450673,0.3394144890066517
35583,342.14423076923083,45.4784882,9.2316287,22.348084,Alberto_Lucchini,73,Deck,0.6883846677015588,-0.6746550807100861,-9.157526270478083,-5.1077334143707445,10.720914396326574,-6.057810591624419,2,-0.2602999428332807,-0.2761336497061405,3.2085436458075427
35780,344.03846153846155,45.4784717,9.2317913,23.035176,Alberto_Lucchini,73,Deck,0.560044086457826,-0.6765015378867271,-9.619168911291837,0.7820778430074586,0.3028279585085705,-4.745905739346923,2,-0.3008712054057685,-0.3572429219456754,1.2075452375223303
35878,344.9807692307692,45.47845770000001,9.2318802,23.720416,Alberto_Lucchini,73,Deck,0.2319994664037591,0.8211365769359553,-9.127097599916688,-13.452080938549814,3.676858038396027,1.9546746159647297,2,0.1795015815146163,-0.3971285478826694,-0.0204739437593399
35974,345.90384615384613,45.4784602,9.2319672,24.070444,Alberto_Lucchini,73,Deck,-0.9356015813473038,1.6270053557571298,-9.135297241800366,12.99340172656962,2.474944109093544,-1.164447767616747,2,-0.982556230941476,0.0601522581075761,-1.2545874998114792
36071,346.83653846153845,45.4784603,9.232044300000002,21.620248000000004,Alberto_Lucchini,73,Deck,-1.1873101053767656,-0.0712383224683633,-11.390777280723164,-4.203765440471218,1.774902284144832,-2.2578231475623056,2,0.0695743002829729,-0.157231643811115,-0.7418180243214998
36170,347.78846153846155,45.4784695,9.232105,16.22352,Alberto_Lucchini,73,Deck,-1.4831417458204836,0.3988002386467816,-9.588580671625822,6.929862079002953,-0.3912451246660557,-0.8299393619790871,2,0.2360297393591395,0.145687938184617,0.21563408521191
36268,348.7307692307692,45.4784718,9.232132,8.089536,Alberto_Lucchini,73,Deck,-1.5529776561827646,0.387193795928888,-10.29735361349753,0.3620741692727783,1.310082813579871,9.944781539307076,2,-0.188440837258504,-0.0115659366858106,-1.2377818016383308
36561,351.54807692307685,45.4784587,9.2321767,2.1816560000000003,Alberto_Lucchini,73,Deck,0.1551694170483099,-0.7433292295562435,-9.865293540146766,-5.602061787902181,2.6533653734320035,-0.3396465101908932,2,0.0067490054959481,0.0256614605901175,-0.0457921865345838
36659,352.4903846153846,45.4784537,9.2321818,1.9057080000000004,Alberto_Lucchini,73,Deck,0.0438784074265502,-0.5792948767130958,-9.78008520451504,-1.9174100944773649,2.330250144894065,-0.5533037192802857,2,0.0141452612347474,0.0142772875088303,-0.0195920587678468
36755,353.41346153846155,45.47845220000001,9.2321855,1.422336,Alberto_Lucchini,73,Deck,-0.0428949222056556,-0.3850127816064404,-9.815566872139254,-1.6485782137751723,2.197725437134406,-0.541731489723797,2,-0.0369518706241486,0.0010039428758535,-0.0300035643162299
36853,354.3557692307692,45.478453,9.232188699999998,1.2408400000000002,Alberto_Lucchini,73,Deck,-0.0018707643284077,0.9398676671181024,-9.804440449084252,-14.873795155729372,3.837530920902071,-0.1673020069805844,2,0.0026722471097154,0.0571418816979703,-0.0066190393457148
36949,355.27884615384613,45.4784492,9.2321982,1.2167640000000002,Alberto_Lucchini,73,Deck,0.3756501720741319,2.343457733760896,-9.646155165935363,-11.21289822647106,3.3126313998318446,-0.1378582414283897,2,0.0217043236698341,0.0077828010945961,-0.016520322264208
37124,356.96153846153845,45.4784415,9.2322037,1.279732,Alberto_Lucchini,73,Deck,0.3960440678677373,3.771660850851264,-9.196364186061995,-4.498001800558628,2.6685001666968544,1.3037425217603476,2,-0.0090528378192044,-0.0496816328067217,0.0257355896049986
