,Timestamp,Latitude,Longitude,Speed,Driver,Weight,Placement,Ax,Ay,Az,Gx,Gy,Gz,Confidence,Jerk_x,Jerk_y,Jerk_z
0,0.0,45.4786218,9.2322013,2.090908,Marco_Capaldo,70,Deck,0.0928427698831794,0.4344018486542121,-9.84743508295164,-0.4380006190177719,2.012250080080407,-0.57749877431249,2,,,
137,1.3173076923076923,45.4786305,9.2321852,1.501972,Marco_Capaldo,70,Deck,0.0983553462786106,0.4529052041157488,-9.856763410051103,-0.2916032512252973,1.906173295963833,-0.5852935379201405,2,-0.0094140600302156,-0.0092909190658582,-0.0071561297079512
234,2.25,45.4786435,9.2321777,1.5408640000000002,Marco_Capaldo,70,Deck,0.0840111103801877,0.566631777334626,-9.818834761907514,-2.3909641239440376,2.2053081697535264,-0.526484869418824,2,0.0035969048954581,0.0039832603758511,0.0020452721823343
426,4.096153846153847,45.478639,9.2321585,1.0871240000000002,Marco_Capaldo,70,Deck,0.1107149743053596,0.8836279267275929,-9.825242941231242,0.1113525565488555,1.886882646098724,-0.5702543825873779,2,-0.0005560643734188,0.0036048838109814,-0.0020027172690166
613,5.894230769230768,45.4785967,9.232145,0.6019000000000001,Marco_Capaldo,70,Deck,0.1182677721614486,0.8337318378135623,-9.819462954402804,-0.5257482612829261,1.9697759053991484,-0.6006438902024334,2,-0.0028894124013596,0.003819556237499,0.0013622128644694
709,6.8173076923076925,45.4785812,9.2321532,0.401884,Marco_Capaldo,70,Deck,0.0966667932963458,0.7594042127579997,-9.843452224844784,0.0784640487851198,1.890493042165165,-0.5870021141706729,2,-0.0065982539118045,0.0045173117939756,-0.0009484887073547
805,7.740384615384616,45.4785388,9.2321702,0.081488,Marco_Capaldo,70,Deck,0.0951501862108119,0.7266440752050153,-9.84434367170728,-1.9962187978060029,2.1280875734162645,-0.525529634224422,2,0.0005295242199609,-0.0039429882258027,-0.0023991826009517
904,8.692307692307693,45.4785092,9.2321748,0.137048,Marco_Capaldo,70,Deck,0.1034823334592945,0.914070363468974,-9.830484209509804,-0.7651061592227033,1.9658322151992167,-0.6177224695986441,2,-0.0019300874612455,0.0015622374516983,-0.0050194605086577
1002,9.634615384615383,45.4784835,9.232173800000002,0.162976,Marco_Capaldo,70,Deck,0.1077302922906344,0.6695626784923071,-9.836885481814264,-1.987153318790984,2.1225027245577737,-0.5559687836740883,2,0.0008208042804235,0.0187891316505604,0.0061678094683692
1102,10.596153846153848,45.4784685,9.2321768,0.3203960000000001,Marco_Capaldo,70,Deck,0.0814774424000284,0.6759786455872553,-9.827175999647086,-0.9868456203816374,2.061666528975912,-0.9274421524066688,2,-0.0041586411915876,-0.0033625022963679,-0.0158421954850194
1297,12.471153846153848,45.4784503,9.23219,0.08334,Marco_Capaldo,70,Deck,0.1102151752923057,0.7709507041949046,-9.833436685301043,-1.4791699898146191,2.080613112049172,-0.5655792014645646,2,0.0140759154622918,0.0184442109690864,0.0047307534961067
1590,15.288461538461537,45.47844179999999,9.2322003,0.107416,Marco_Capaldo,70,Deck,0.1183771297410544,0.8932880435303258,-9.836232279774835,-1.8085708974706456,2.1445485043810057,-0.5148394115777757,2,-0.0202677929338677,0.0137225946927483,-0.0131553225745406
1789,17.201923076923073,45.4784395,9.232206199999998,0.127788,Marco_Capaldo,70,Deck,0.1413990276339775,0.9951002879729994,-9.806791924137856,-1.086266723047705,2.0137387075398703,-0.6266779431619751,2,0.0053787619037153,0.0009736323239322,0.0020233474693149
1984,19.07692307692308,45.478432700000006,9.232208300000002,0.214832,Marco_Capaldo,70,Deck,0.0802282129343614,0.3116841341403616,-9.828964952967254,12.82277922095142,0.3035394534287343,-1.4592826491699924,2,-0.0002483049786528,-0.0622608657448132,0.0086090781471046
2082,20.01923076923077,45.4784287,9.2322067,0.15742,Marco_Capaldo,70,Deck,0.0635491128224658,-0.0001592094182211,-9.85322570647908,0.2394517498524569,1.9352220380426648,-0.5923247185534697,2,-0.0037493590139007,-0.0037251876389718,0.0068759711630512
2181,20.971153846153847,45.4784235,9.2322117,0.322248,Marco_Capaldo,70,Deck,0.034137470594221,-0.1926011227910602,-9.82605178039876,0.7584666913553209,1.8036709245763576,-0.5975657014388673,2,-0.0125247350032643,-0.040936965800442,0.013665055846193
2473,23.778846153846157,45.4784098,9.232214,0.4370720000000001,Marco_Capaldo,70,Deck,0.0796453456173104,0.4196719461531261,-9.86084737346778,-1.379823532837669,2.0830235591198765,-0.5257019427644023,2,0.0008245753710463,-0.0028795596056068,0.0008919704876539
2765,26.586538461538463,45.4784055,9.2322235,0.924148,Marco_Capaldo,70,Deck,0.1129749841892627,1.3008625779850296,-9.851132593923229,0.9010190538825148,1.9208351494791,-0.2036321847788285,2,0.0004888123824825,0.0452326058631225,-0.0172524357911605
2861,27.509615384615387,45.4784023,9.232224,0.337064,Marco_Capaldo,70,Deck,0.5995301734258783,0.8277556251699489,-9.643687794454738,0.0164487731103051,1.4950338435999138,2.7324691039976274,2,0.0176290443464124,0.0150603742189263,0.0286945110298297
2959,28.45192307692308,45.478404,9.232232000000002,1.385296,Marco_Capaldo,70,Deck,0.0706412622375619,0.2680885958257875,-9.419865555930652,8.436555537427926,1.1051134194788124,9.266749366544293,2,-0.0305405855837438,0.0363078089814319,-0.4074244197371754
3058,29.403846153846157,45.478406,9.2322327,0.99082,Marco_Capaldo,70,Deck,-1.2000987423888632,-0.6243240760263481,-10.410841988103988,-6.6904721952133634,1.6125433050470837,13.00558186137312,2,-0.5833762050274087,-0.1563723266859663,-0.7276650781294514
3157,30.35576923076923,45.47840479999999,9.23224,3.3724920000000003,Marco_Capaldo,70,Deck,-1.58729207738806,-0.5253281634390377,-9.815399183885225,-2.4083296552454074,3.3019759023086044,2.5103572606944686,2,0.1030765856287647,0.1320784651571008,-0.1143331195246162
3644,35.03846153846154,45.478419,9.2323587,10.315640000000002,Marco_Capaldo,70,Deck,2.3204084215020635,-1.214957159502082,-7.781572197799907,-3.299104845243892,3.555105244002708,-9.82834683450574,2,0.6993724375874626,-0.1886663481282542,1.302701271497689
3742,35.980769230769226,45.4784228,9.232413,16.906907999999998,Marco_Capaldo,70,Deck,-0.2421564576183812,0.6418678899422231,-10.742513640778151,0.6027573095178407,-1.5649546379125772,-2.755867908351564,2,-0.1596997519064358,0.0155516873320036,-0.3349184464213017
3937,37.855769230769226,45.478441,9.2325565,21.4369,Marco_Capaldo,70,Deck,-0.8726398943386582,-0.7234817108889396,-10.637380433915023,5.296915300314264,1.6492647251277028,-5.203349149822441,2,0.1368298635925564,-0.2477146725675487,-1.59052585711499
4230,40.67307692307692,45.4784548,9.23279,23.025916,Marco_Capaldo,70,Deck,0.0414920289401673,0.3085675224190162,-10.106043632934083,-1.8375108980188155,3.7914508796649735,-2.383192412237684,2,-0.6373188689477151,0.1417455584909436,-0.1414942279970716
4328,41.615384615384606,45.4784643,9.232871,22.894424,Marco_Capaldo,70,Deck,1.577472572033498,0.6190694329611357,-6.010716994642219,-1.3065532940383082,2.4023225325566777,-4.2310711799867775,2,-1.6394489931712797,0.6312098501493448,-9.145668072141774
4426,42.55769230769232,45.4784788,9.232953300000002,23.509288,Marco_Capaldo,70,Deck,0.2132821037053111,-0.5588106519432503,-10.904460163547355,14.37943203798338,3.858058573790152,-18.66568666068457,2,-0.2547203170823625,0.2832234435673398,1.5702487742604934
4523,43.490384615384606,45.47849179999999,9.2330482,23.340756,Marco_Capaldo,70,Deck,-0.3049180826476755,1.1355651964417737,-10.588554978468933,3.061661540412429,4.524663654139385,19.23971508283713,2,0.5679661756470576,0.1733892783373193,1.1446150861313331
4720,45.384615384615394,45.4784862,9.2332252,24.055628,Marco_Capaldo,70,Deck,1.6097106944998765,0.4840928771851538,-10.6680362105207,-0.2287668303448398,2.418963459568785,-5.720309549939264,2,-0.0260769249018189,-0.1014926974343247,-0.9380782645562976
4914,47.25,45.4784882,9.233393199999998,22.051764,Marco_Capaldo,70,Deck,2.6950498709936355,0.8209194152828413,-6.576819406088728,1.7682821148495411,2.5514417854065257,-0.2139363757576502,2,0.6948683457996068,-0.3016465457393779,-0.100529852681082
5108,49.115384615384606,45.4784943,9.2335685,23.259268,Marco_Capaldo,70,Deck,-1.2643814472674249,-0.9660410958374056,-9.928266375469825,0.5426982152935751,0.267830101413407,-8.177306703840928,2,-0.7091109265427734,-0.3033820510840584,-0.5147979560869961
5302,50.980769230769226,45.47850370000001,9.233727,21.936940000000003,Marco_Capaldo,70,Deck,-1.5047785578672737,0.3039537885529172,-10.233781951466158,-3.4836989502011138,4.435365062490714,1.613833450657844,2,-0.0231724261247447,-0.2455936507510754,0.6857815768067574
5400,51.92307692307693,45.4785052,9.233804199999998,21.109096,Marco_Capaldo,70,Deck,0.3405379631690062,-0.5763238890839942,-7.755199490641947,1.310182724545498,1.2898007669994316,-0.7254056917434459,2,-0.1141018178314492,-0.3240196847076201,1.0280864408500523
5595,53.79807692307693,45.4784988,9.2339365,15.708664000000002,Marco_Capaldo,70,Deck,-0.7259320522474781,-0.5462665482347455,-8.21632284297148,-1.2373696538819985,-8.091538221011739,-11.547449173479574,2,0.3292468813899612,-0.0097860147564078,-0.4668812590543681
5693,54.740384615384606,45.4785003,9.233993,14.078904,Marco_Capaldo,70,Deck,-0.7298200022926713,-0.4468827519124001,-10.00662996914732,3.282146964681984,2.56461145756285,-7.321406697822139,2,0.1183255801092084,-0.0990356903354131,0.2034885039998126
5790,55.67307692307693,45.4784968,9.2340338,9.554468,Marco_Capaldo,70,Deck,-0.6810986682245129,-0.2302165019155532,-11.427654105187749,-3.9438053808263023,-0.4982116210793661,3.5743322049586768,2,-0.1924505889125571,-0.2357426399909993,-0.1322957078065432
5987,57.56730769230769,45.4784977,9.2341103,8.493272000000001,Marco_Capaldo,70,Deck,-0.5065882337892638,1.1577196296893046,-5.1837414086730025,13.36421551767828,-0.8304810705265266,35.38150350120522,2,-0.1901326323691762,-0.0441328012689528,0.9219541918438764
6085,58.509615384615394,45.47848629999999,9.2341385,9.550764,Marco_Capaldo,70,Deck,0.0637158867877172,-0.4166704670013596,-8.381721545337815,3.5537407133133323,1.631546927243985,27.380685285531484,2,-0.4988215916711496,0.2457981878408813,0.6411292784131462
6183,59.45192307692307,45.478474,9.2341532,11.154596000000002,Marco_Capaldo,70,Deck,-0.8967745727472005,2.1353272536955186,-14.656992196965172,-1.1913194049735027,18.603756937630862,36.69910838416972,2,-0.0140747154601681,0.5949449558073328,0.6819894595634821
6478,62.28846153846154,45.478355,9.2341563,21.88508400000001,Marco_Capaldo,70,Deck,1.006256478132916,0.8101368834282295,-9.87401482539256,-30.43224320235487,3.7994095359542186,2.953169374966504,2,-0.3752788208646292,0.59116609748402,2.398746102915424
6575,63.221153846153854,45.4783053,9.2341603,21.275776,Marco_Capaldo,70,Deck,0.1876729551135291,0.5025795352873542,-9.098608941190188,-8.44263289998841,9.868905054974851,4.0257354326158765,2,-1.1332345706503206,0.117214835700933,0.8136015855595762
6673,64.16346153846153,45.4782547,9.2341612,20.827592000000006,Marco_Capaldo,70,Deck,-1.1791641040500762,-0.4475060036431455,-5.557240172095348,19.958310943430813,-15.159432233731494,-5.662886981926698,2,0.3964584445803396,-0.6523919346240764,-0.7757289672222916
6773,65.125,45.4782123,9.2341517,17.523623999999998,Marco_Capaldo,70,Deck,0.9274264532040228,-0.0526641805589185,-9.063813848809392,-0.9206133448380482,-5.594165266296474,-18.93139280530463,2,0.4183488292118727,0.1621586272454916,-1.0800969807261156
6871,66.06730769230771,45.4781697,9.2341493,18.72372,Marco_Capaldo,70,Deck,-0.0290266305166139,-0.9604023551558544,-8.979139341900892,-0.1257758753743219,-1.0289587454994704,-1.1376156673907802,2,-0.4923640950408216,0.1831141684665348,-0.6191851353016382
6969,67.00961538461539,45.478133,9.2341403,15.101207999999998,Marco_Capaldo,70,Deck,3.2817572833934183,1.840632925715866,-11.429024114560995,-0.2842061547655201,11.648799722592656,9.688348694142253,2,-0.0775559309188937,1.1927196424822313,0.1326029651311557
7068,67.96153846153847,45.4780857,9.2341335,18.662604,Marco_Capaldo,70,Deck,0.5953759197384021,0.1095680248422353,-11.967672347788117,-2.5403317068822155,27.708219861178783,4.6100555552605975,2,-0.6615337583276977,-0.1200450598193917,3.471801066725289
7166,68.90384615384616,45.4780333,9.2341308,20.062716,Marco_Capaldo,70,Deck,1.5526902445104318,0.7314584742599176,-10.693418236836743,0.6071066205079698,8.782014436897287,3.1415819510093845,2,1.5565967082710437,1.09407358441775,3.247069806037058
7263,69.83653846153847,45.4779768,9.234131800000002,21.449864,Marco_Capaldo,70,Deck,0.1370389391414882,-0.9195571886752416,-8.089639364907109,1.506566693803164,-2.2227743012174352,-7.298483389476146,2,-0.3793242467015465,-0.0510173170653683,-1.7999577663513406
7362,70.78846153846153,45.4779268,9.2341268,19.238576,Marco_Capaldo,70,Deck,0.3265191699615508,0.1023494928909842,-8.047090435845769,-7.2031012309531866,11.543076966074285,0.180178158202497,2,1.1223339952046256,-0.1806704506529576,-0.3526365099811261
7462,71.75,45.4778717,9.234143199999998,20.847964,Marco_Capaldo,70,Deck,-0.63390922721079,0.9566284357560524,-15.576165771894589,3.1945401545255225,1.9078197388910327,5.484253538582153,2,-0.1483032488476405,-0.0612486771831575,-1.07976606166004
7560,72.69230769230771,45.4778195,9.2341527,20.864632,Marco_Capaldo,70,Deck,-4.899713220727152,-0.0018980235326454,-16.55748863142878,-6.454580317043709,-5.091492131358966,6.27334737501688,2,-2.2756333189680347,-0.0412987821630465,-6.4441914537656055
7657,73.625,45.47776,9.234161,22.26844800000001,Marco_Capaldo,70,Deck,1.1012840389724008,0.3600819348006459,-5.550032458504815,6.832794183662841,1.2636280368306738,3.0855664691882607,2,0.4951578513736156,-0.3641837417603093,2.614794210330751
7755,74.56730769230771,45.47769829999999,9.234162800000002,22.868496,Marco_Capaldo,70,Deck,1.9822858447106124,0.5990026955028938,-13.48795519057286,-0.7423077718485653,-0.6885472880332602,0.8845300880574767,2,-0.5364856290990356,0.2817407940519852,-5.195484423047255
7950,76.44230769230771,45.4775697,9.2341972,23.324088000000003,Marco_Capaldo,70,Deck,-1.377312049423931,0.2142537406382984,-8.685656451101595,2.3485051335524374,-12.341603822508972,-5.389011716829269,2,0.744896952123725,0.3195134154998052,3.586387518056493
8149,78.35576923076924,45.4774458,9.2342037,23.194448,Marco_Capaldo,70,Deck,1.7638796677930009,-0.6752347652251623,-8.651104803045707,-2.265053205292156,4.695106117256924,-7.3102702677580975,2,0.3931224298415186,0.0121767578854113,1.235508938451073
8247,79.29807692307692,45.477389,9.2342163,21.170212,Marco_Capaldo,70,Deck,2.5688072005872784,0.0351797417491494,-3.268147381356618,0.7364119321401432,5.221354566476999,-2.9798310013998965,2,-0.1272374438821062,-0.1038235238424864,2.4852707483731606
8344,80.23076923076924,45.4773313,9.2342235,22.403644000000003,Marco_Capaldo,70,Deck,2.2234770883768915,0.2560227568464213,-9.272287109340256,-2.7134027327317467,-2.4708935174843067,0.0098026626232003,2,1.6104341773213386,-0.0480851533691218,1.184315546547305
8442,81.17307692307692,45.4772747,9.2342223,22.190664,Marco_Capaldo,70,Deck,-2.271824113739426,0.5292531876179214,-8.194704715711943,0.1058823290232067,-0.5910529083465672,-3.815454074063228,2,0.6880387597381175,-0.0507073191556733,2.667406746910096
8541,82.125,45.4772262,9.2342267,18.207012,Marco_Capaldo,70,Deck,1.2312986029152642,-0.1489836831876598,-9.19197250772401,-7.8860409453142015,0.2606615411358297,10.325452100904023,2,-0.1245166441171368,-0.1329262390318766,-2.233302290059478
8639,83.06730769230771,45.4771897,9.2342203,12.854732,Marco_Capaldo,70,Deck,0.5064177180012976,-1.7299634529442212,-8.183601013725022,-14.211573284297163,5.787058313453982,-2.7949013742941435,2,0.2635697156903416,-0.224000855899704,1.3993810309560342
8736,84.0,45.4771602,9.2342175,10.721228,Marco_Capaldo,70,Deck,-1.5374890326002406,1.5816532491141728,-10.107760841994397,-6.3452877000480745,-7.905256652929643,19.604778225331646,2,2.4165286113723665,0.3986814085771264,4.868244752202996
8835,84.95192307692308,45.4771273,9.2342168,12.039852000000002,Marco_Capaldo,70,Deck,1.4396957889021316,-0.6318041565285222,-3.3958216431504744,-1.7769140068094806,29.13005553821331,8.102430385637795,2,-1.7027803156154828,-0.0807374226408522,2.830906081855848
8933,85.89423076923076,45.4770982,9.234209,11.623152,Marco_Capaldo,70,Deck,-0.141226937128621,2.1208752523484056,-11.571398263521465,13.529170142242029,8.176665396532858,33.77820817239373,2,0.265917472360105,0.4534672704575973,1.1465230616675903
9032,86.84615384615385,45.4770782,9.2341815,12.289872,Marco_Capaldo,70,Deck,1.3025191970125016,0.5938681995908354,-9.50765860350898,-6.140945036345882,10.46928498131193,28.40105419394796,2,0.135532430914226,-0.4290192189390177,1.1752207422005352
9130,87.78846153846153,45.4770653,9.2341398,13.897408,Marco_Capaldo,70,Deck,1.4413895654480515,-0.2582858078390893,-11.228033396965449,1.1718288576954836,1.7384193875139746,4.345849139822133,2,-0.1335757903984633,-0.2290230979590102,-1.3743013669242643
9327,89.68269230769229,45.47705379999999,9.2340242,18.768168000000006,Marco_Capaldo,70,Deck,-0.1606639549346482,0.3175670496670145,-9.35410386231626,-2.9890306665993345,-1.393253204797224,-4.7332401322756645,2,0.0614362472719742,0.6062005903864423,-0.260643104720879
9424,90.6153846153846,45.47705,9.2339617,18.521852,Marco_Capaldo,70,Deck,1.7949416053938791,-0.3077079989796993,-9.858229500368603,-14.00913434401405,9.421262878058748,10.270772979449625,2,0.4971476377136095,-1.2620392988827662,2.099319209173835
9522,91.55769230769228,45.4770467,9.2339008,19.438592,Marco_Capaldo,70,Deck,-0.1060686161088182,0.7773125478621657,-10.705830818805534,8.359878811796401,1.6178870354407513,3.81022152235396,2,-0.1220875725587692,-0.3289333994839635,0.0908415469186021
9719,93.45192307692308,45.4770443,9.2337538,22.123992,Marco_Capaldo,70,Deck,-0.0166272102217183,-0.5104281712952905,-9.074096595762878,-15.69256559923554,8.583978656126742,5.355797070971317,2,0.4766522225818856,-1.165069721976237,3.9861760434864064
9817,94.39423076923076,45.477045,9.2336808,20.953528,Marco_Capaldo,70,Deck,-0.0633736394064314,0.2034215536942796,-10.986124268170183,-7.825566998500182,3.0872976485505683,6.84789265143083,2,0.1129577230875437,0.0349530695756253,-0.5729239162943518
9916,95.34615384615384,45.4770433,9.2336043,21.142432,Marco_Capaldo,70,Deck,-0.5645803112056643,1.90335793467468,-9.542947263821375,-1.4342760211495458,-0.8335057446105614,-0.1281515942811752,2,0.985243681310776,2.2232862469082257,0.8111985401858153
10013,96.27884615384616,45.47704470000001,9.233523,21.72396,Marco_Capaldo,70,Deck,0.216939084093953,-0.7227471546992729,-9.999720355185207,4.5053369358534345,1.7411149362535492,-1.9713556581320093,2,0.1292262084824884,-0.2334593754728892,-0.6778081088501544
10209,98.16346153846152,45.4770395,9.2333688,20.664616,Marco_Capaldo,70,Deck,0.2026796595798217,1.0208507133509035,-9.916775512046236,8.326991865108496,1.38778948503919,-6.336747219449728,2,-0.2993773181991489,0.2357473726838933,-0.8109230356974599
10407,100.06730769230772,45.477031,9.2332245,19.827512,Marco_Capaldo,70,Deck,-0.4277144007063999,-0.2584248115740519,-9.264835924152733,-6.346771778873213,2.132374029089757,11.513402017521264,2,-1.8464125741240336,-0.4154817358145505,-0.8344915769659966
10505,101.0096153846154,45.47701729999999,9.233154,18.757056,Marco_Capaldo,70,Deck,-0.0680298050884151,-0.1680466033276761,-9.928594748280602,-3.61304772465216,1.4033921460481285,2.5757192733988754,2,0.0092067334962531,-0.3738602663912254,-0.3841916543988155
10700,102.8846153846154,45.4770283,9.233032199999998,18.053296,Marco_Capaldo,70,Deck,0.7775579194583953,0.0306484876971597,-8.923527028409913,-4.539566217680856,2.3542983394474573,0.1264718343118884,2,0.4638833963675332,0.4574796852543969,0.0652872410210623
10799,103.83653846153848,45.4770338,9.232954,20.253472,Marco_Capaldo,70,Deck,-0.2705499044264866,-0.1499236586449644,-10.898609506745276,-3.1053105067868434,3.6425316169735087,-3.592260952720785,2,0.3156807630517836,-0.0943425077514985,-0.2862225563322962
10898,104.78846153846152,45.47703679999999,9.2328832,19.101528,Marco_Capaldo,70,Deck,0.4465115030739267,-0.3992532883165247,-10.169192734485256,5.6944887829438295,0.0791607558638949,-0.2225966517733555,2,-0.328763072360953,-0.1734349675382926,-1.4836523664917518
11093,106.66346153846152,45.47705379999999,9.232746,18.592228,Marco_Capaldo,70,Deck,-0.5916906868492426,0.3216865954377627,-11.591721992131632,2.9017949645769128,-4.728625580010153,6.192728995067762,2,-0.3602769142150073,-0.3267852396482598,-2.821585411045467
11191,107.60576923076924,45.4770593,9.2326722,19.749728000000005,Marco_Capaldo,70,Deck,-0.2155427816897838,-1.2504482144058653,-10.22211059187914,-3.108405150650148,4.283940988022566,-5.752558138758693,2,-0.17414631902529,-0.2635928154120877,1.5742062651147253
11388,109.5,45.4770612,9.2325038,19.71639200000001,Marco_Capaldo,70,Deck,0.0243375880868346,-0.7968566444418799,-9.004416548019686,0.916113596588502,2.3724540822163487,-0.3748800225712854,2,0.4128555253467878,-0.1087127767431043,0.0366025895262875
11487,110.45192307692308,45.4770648,9.2324223,20.646096,Marco_Capaldo,70,Deck,0.0130257364233025,-0.3438235632405521,-9.408346640664291,1.3435542229270092,3.233811563772768,-2.5580689666966845,2,-0.0392983849661865,-0.22448643197083,-0.0549141047333403
11682,112.32692307692308,45.4770772,9.2322788,18.558892000000004,Marco_Capaldo,70,Deck,-0.5018133103649907,0.4574793142830745,-8.149915544799192,-3.1666660118059684,0.9040059671143108,1.5211263022453805,2,-0.5015781735820188,0.3798667911211929,1.2642264816364648
11780,113.26923076923076,45.4770882,9.2322202,14.910452,Marco_Capaldo,70,Deck,0.8298185644124905,0.9661359894119704,-10.800497195193463,4.40604172258802,0.3334252111895872,4.043092437262918,2,-0.0952087226750378,0.4281404527856509,-1.4869774618873048
11878,114.21153846153848,45.47708770000001,9.2321322,21.951756,Marco_Capaldo,70,Deck,-0.2762707942313087,-0.2218543326655332,-10.54372502795729,-0.2168379441484212,1.3601841230570746,0.2778999429018336,2,0.1496698413911682,-0.4337504986678519,0.2636902512792432
11978,115.17307692307692,45.4770958,9.2320558,18.879288,Marco_Capaldo,70,Deck,0.1032988261825647,-0.2135967298798432,-9.127173292114753,-2.2912381866441685,2.9262886611278964,-1.483075992677505,2,0.1830578842933594,0.0094364654585647,0.3854856594382009
12076,116.1153846153846,45.4770998,9.2319788,18.901512,Marco_Capaldo,70,Deck,0.1335067219587301,0.2728489866484816,-9.36610333133273,1.2040179896066436,3.2949209960606103,-0.6688221170794106,2,-0.3230265683377689,-0.0841435142056597,0.7975365387203368
12174,117.05769230769228,45.4770975,9.2319062,18.257016,Marco_Capaldo,70,Deck,-0.5341437237969707,-0.3815354018527067,-10.56090495450577,-1.6229076867826706,1.7892978084086923,-0.6669210922606412,2,-0.1377021075478984,-0.0235551711159596,0.308019982028636
12271,117.9903846153846,45.477087,9.2318477,14.678952,Marco_Capaldo,70,Deck,-0.008895770832807,-0.7613551767409673,-10.75481613071138,-1.2750762766138035,1.0537432355749845,-6.765214723023263,2,0.3542795228159255,-0.0575558952967306,0.5077062628017971
12467,119.875,45.4770632,9.231681300000002,19.18672,Marco_Capaldo,70,Deck,0.5705105882761835,-0.2929630114437253,-8.822522661220713,1.8415606269786744,1.6441757754328972,-3.2112648849428007,2,0.5168797336850122,-0.1849422632230262,1.7732813919810368
12665,121.77884615384616,45.4770515,9.231496,21.301704,Marco_Capaldo,70,Deck,0.9696050191008352,0.0754684972695229,-11.207955334599562,-1.4475060041745296,4.5153539285245365,2.0001639380499574,2,0.1813999801567524,-0.3278762314398761,-1.3468989999697616
12763,122.72115384615384,45.4770355,9.231385,22.785156,Marco_Capaldo,70,Deck,-0.8071132220806032,0.1756393893741841,-10.80584767259534,0.4410054448258136,2.1765068164994106,-3.929882170833008,2,-0.0488458888581744,0.2075343398186349,0.3884059348796569
12860,123.65384615384616,45.47702879999999,9.2312863,22.246224,Marco_Capaldo,70,Deck,0.656252379362166,0.1142916496738348,-11.620843523676806,2.7490420260279738,4.241782878232871,-0.9524628939653504,2,-0.293830246897812,0.1832032433816152,0.6242306409287615
12958,124.59615384615384,45.4770327,9.2311858,24.55752,Marco_Capaldo,70,Deck,-0.1872817183835537,0.0327319377628497,-9.865420841255752,-6.339019545904943,1.885622697505796,4.17195547195043,2,-0.0100597041928538,0.1229953446982658,-0.484453139322266
13056,125.53846153846152,45.4770113,9.231063699999998,24.24268,Marco_Capaldo,70,Deck,1.875188549605316,-0.1492592464761181,-7.981019461885393,-1.4398653086310558,7.515183391417537,-3.2794434800204044,2,-0.8800901713669025,-0.1294348300892462,0.2456859694234543
13156,126.5,45.4770097,9.2309618,23.744492,Marco_Capaldo,70,Deck,-0.5868909048457209,-0.3018763061349919,-10.826856806787724,-4.23699177872977,1.5446621712259496,0.933307552805,2,-0.1183494209991971,-0.0843718510740136,-1.14224611918622
13254,127.44230769230772,45.4770122,9.230867,23.83338800000001,Marco_Capaldo,70,Deck,-0.3174486370397118,0.3199548326204809,-10.813591989458132,4.025822469830056,0.3420708927812326,-0.8771748049031141,2,0.0573894406761863,0.3095324632424647,0.2604769059046141
13352,128.38461538461542,45.4770268,9.2307813,21.683216,Marco_Capaldo,70,Deck,0.9165363630929396,-0.7866928429199213,-9.3263684122013,3.1245623358940224,2.2507080149135987,-6.524070048368795,2,0.0208919988381465,-0.3480113453115526,0.5693858463381325
13449,129.31730769230768,45.4770355,9.2307022,20.71832400000001,Marco_Capaldo,70,Deck,-0.3443210394603897,0.0508543967604987,-9.601376318587787,-1.1822795450179928,2.206873416333341,7.1747448638254525,2,-0.3465595497998883,0.0301127767245179,0.6179326256529567
13547,130.25961538461542,45.4770342,9.2306198,21.299852,Marco_Capaldo,70,Deck,-1.027926938707194,-0.1292542925538703,-10.369662422297807,5.511658342981924,-0.1294667461820471,0.5659949053652893,2,0.171848374749189,0.02882725386139,-0.6894997717909277
13646,131.21153846153842,45.4770385,9.2305425,18.744092,Marco_Capaldo,70,Deck,-0.4829153927445105,-0.5159533254019005,-10.19555535189112,1.265713217354802,1.6788989922657307,0.5877674392885561,2,0.3513545488705874,0.4873332928784807,0.6038736311081436
13844,133.11538461538458,45.47705379999999,9.2304157,13.815920000000002,Marco_Capaldo,70,Deck,1.5369181626742603,-1.3644893188962643,-13.004812762328068,-10.456993543898731,3.70267713703835,17.309635567820994,2,0.0367777708502758,-0.0362276633387861,-1.015402035721614
13942,134.05769230769232,45.4770608,9.2303937,3.955872,Marco_Capaldo,70,Deck,-0.2289882163721211,-0.8150115611856349,-9.991982325986225,-13.464627383732497,11.35398890096448,-30.51749707553185,2,3.080581055803388,-0.128018384839089,5.887257384399064
14041,135.00961538461542,45.4770668,9.230363699999998,7.7321,Marco_Capaldo,70,Deck,-1.5076278577392714,-0.1539397688471749,-10.480919844898024,5.751992058126607,15.072396960432863,-53.64921144198432,2,-0.0963547973927418,-0.1420733549662101,0.1408479710330663
14137,135.93269230769232,45.47706820000001,9.2303257,9.867456,Marco_Capaldo,70,Deck,1.8263995822946693,-1.6102435683068026,-6.901386156731503,5.573123699222835,3.12665932080336,-43.45318114750075,2,0.5697058852928496,-0.6082086238552058,-0.025612616942646
14236,136.88461538461542,45.4770625,9.230296,6.9542600000000006,Marco_Capaldo,70,Deck,-0.954903455013464,-0.0203760662938842,-8.80573942793766,-3.403502116322393,0.208907381040329,-13.351628340979818,2,-0.4000429245912539,0.744926429039851,0.7808634108224322
14334,137.8269230769231,45.4770528,9.2302758,6.2023480000000015,Marco_Capaldo,70,Deck,-0.5721819985750494,0.261889040250442,-8.893992972823774,7.528808301196648,-6.256987219590798,20.591624683427973,2,0.4995843517771885,-0.1703649145010032,-0.0577718492254568
14433,138.77884615384616,45.47704829999999,9.2302542,4.42628,Marco_Capaldo,70,Deck,0.3141700327029005,0.1358347380008891,-4.5442154670032044,4.069847816965304,-9.77008257283754,6.548826440478102,2,-1.7483394587301102,-0.1651005211175644,-1.200419189494692
14531,139.72115384615384,45.477048,9.2302287,5.313388,Marco_Capaldo,70,Deck,-0.3739034707219501,1.3298537613950865,-9.274850501291914,-11.560155863294668,4.962299591501921,38.55942372401319,2,-1.111797769881793,0.1710965211400665,0.0672540538465522
14825,142.5480769230769,45.4770532,9.2302007,4.609628,Marco_Capaldo,70,Deck,-1.2241271596020828,0.430906902876533,-11.415607308417124,-12.030080089684072,8.868325641482846,-10.321899120853528,2,0.3001905852583468,0.512116195104985,2.646549699168526
14923,143.49038461538458,45.477054,9.2301748,7.643203999999999,Marco_Capaldo,70,Deck,1.311327055016465,-1.0439511508506871,-9.322443598955054,3.3117062320169075,-3.186224959014789,-6.005806626223122,2,2.9473148095743653,-0.8558254911243947,0.3125501962697754
15120,145.38461538461542,45.4770462,9.2301008,9.971168,Marco_Capaldo,70,Deck,1.4635509355631573,-0.3392414563681473,-11.63794788498966,-9.331555020503648,4.150141657678983,-10.927011422443488,2,-0.6943439347659917,0.4157656616082514,-1.5563375737284595
15218,146.3269230769231,45.4770465,9.2300658,9.460016,Marco_Capaldo,70,Deck,4.899461553246402,1.2165933568998246,-1.1689105847371275,16.477862003208934,9.47400613843354,31.583951403576627,2,0.6737251738031738,-1.5952661357343938,0.7573434085712254
15316,147.26923076923077,45.4770632,9.230020199999998,16.051284,Marco_Capaldo,70,Deck,-11.541299265743652,2.1847360166497443,-10.182228459034562,-46.06571115133585,-9.552770594645978,41.93104447538764,2,-1.3272775977704685,-0.0216802864051515,-1.112700100841728
15414,148.21153846153842,45.4770663,9.229944,15.332707999999998,Marco_Capaldo,70,Deck,-28.81956934213008,4.011818177767185,-31.95045776442507,9.706533271629809,-45.20156562684792,-5.6302495804198776,2,-3.7521767087237095,-2.522120599752533,-4.47213351726716
15512,149.15384615384616,45.477065,9.2298837,11.54722,Marco_Capaldo,70,Deck,-4.964467782276332,1.0269243036872309,-10.811188504007594,22.18158927258805,8.208136288241862,-50.50314199151894,2,-0.6302977328445083,-0.0861861559941894,0.7238652787660467
15808,152.0,45.4770875,9.2298037,7.583939999999999,Marco_Capaldo,70,Deck,-4.208033623367276,0.3435080896532761,-12.400625924676428,19.826010215103697,-3.33113240474362,-24.424141264787632,2,0.6476052485702946,-1.4988598428173658,1.0469089447562432
15904,152.9230769230769,45.4770997,9.2297773,9.276668,Marco_Capaldo,70,Deck,2.8782185866311365,-0.9095508067324216,-7.4499500265179,-12.334551468139436,11.748064386239346,5.1921619339620415,2,0.8582796108984523,-0.2568705295196933,-1.2706877377305066
16003,153.875,45.477098,9.2297238,14.799332,Marco_Capaldo,70,Deck,2.269388172332356,-0.9941424295532474,-10.99209530807418,0.8347611298715933,5.707094491619391,1.3280246205013126,2,2.2035044757567985,-0.1569779951758688,-0.4829893953956947
16101,154.81730769230768,45.4770892,9.2296553,18.808912000000007,Marco_Capaldo,70,Deck,-1.4951079484067384,1.848352409617542,-9.38472805882996,-10.287712228969593,6.447837120180128,19.846554680385207,2,-1.9526179308126432,0.1702560506921546,1.3019649990910018
16199,155.75961538461542,45.4770983,9.229596,16.64948,Marco_Capaldo,70,Deck,-2.6464230929475705,0.0207876354227214,-9.585410353547996,0.2109949093936056,-12.225153893742409,0.0485873347540755,2,-1.133873078026418,0.3990231484454901,-2.111388206538085
16298,156.71153846153842,45.4770963,9.229523,19.947892,Marco_Capaldo,70,Deck,-0.6165905307357176,-0.3800001796156446,-13.619834308851257,-7.545351086086836,-0.538340643849641,5.491648970807153,2,-1.6991941320313728,0.1556588732599539,-3.0231870223187567
16396,157.65384615384616,45.4770885,9.2294608,17.897728,Marco_Capaldo,70,Deck,-3.543688390032808,-0.5250491606053044,-14.87259121601874,-2.768691069033485,1.276986541217262,-2.6100126107445787,2,2.7322647202919854,-0.6155680888189592,4.071732889370704
16495,158.60576923076923,45.477091,9.2294078,15.966092000000002,Marco_Capaldo,70,Deck,-1.6204914474808434,0.7139138319983048,-6.2579680674970986,-0.5709348603736579,-4.534122902768265,5.1563071141410415,2,-0.2293436189337421,0.0923546508109621,4.596539564720973
16592,159.53846153846158,45.4771123,9.2294093,9.63966,Marco_Capaldo,70,Deck,-0.7572218413431304,0.0912161045175656,-11.610529883658296,-9.699610110087216,5.788370734192468,-12.646101413827964,2,-1.4852339386190672,0.3473488044366142,1.7699006811768891
16691,160.49038461538458,45.4771085,9.229349,14.027048,Marco_Capaldo,70,Deck,-0.5031218340312928,0.3175619453364199,-10.69307041781268,-3.636441608576799,7.592703688300875,6.0307656565052365,2,0.4702109639274126,-0.3514032587491171,1.4412562106170412
16789,161.43269230769232,45.4771088,9.2292982,13.295507999999998,Marco_Capaldo,70,Deck,-0.7763116878094103,-0.5211033309186639,-7.1152074782438826,-8.786358103626263,-9.800237809919214,0.0667019373085588,2,-1.2877576428612163,0.1576093331720415,-2.1890165214339623
16887,162.375,45.4771053,9.2292375,16.919872,Marco_Capaldo,70,Deck,2.9649435400257187,1.5440686797397838,-5.551627021104653,3.3067823177761304,10.960603648606485,8.231122989276109,2,0.8556360979959878,0.2195068539465188,2.6807821736500665
16985,163.31730769230768,45.477112700000006,9.2291948,12.586192,Marco_Capaldo,70,Deck,0.7916354534997869,-0.568801805213318,-12.455003343192766,1.7023856350960729,2.772420798774296,-8.523537257320129,2,-0.8056612157008034,-0.0125436810410343,-0.6742694382530416
17085,164.27884615384616,45.4771063,9.2291213,16.995804,Marco_Capaldo,70,Deck,0.1151292156567374,-0.243048189168473,-8.183976300398035,1.3664903855010182,-0.4637175998799234,-6.3792534779589225,2,-0.2880783635370132,0.0245593459382696,0.0115046138780865
17181,165.2019230769231,45.4771108,9.2290825,12.678792,Marco_Capaldo,70,Deck,1.7534444545704757,1.306411216110779,-8.277118781050438,7.170708071763147,6.816857708649367,-3.0247535760517,2,-0.7362174199166616,0.4529157411869916,0.8022037542102876
17280,166.15384615384616,45.4771268,9.2290263,14.469676000000002,Marco_Capaldo,70,Deck,0.6489014952799557,1.4463179807986968,-7.188142227187742,5.405168157584157,-2.0680303693852977,40.81226157418372,2,0.5447332550215277,-1.2882472263446043,-0.1636684096673075
17378,167.09615384615384,45.4771255,9.2289415,16.582808000000004,Marco_Capaldo,70,Deck,-1.1514318230438432,1.239657822914446,-8.738755864597312,-6.5209455017697175,1.4095590462921588,4.711887285583573,2,-1.423768287627309,0.1883770118987613,0.3943007124934148
17573,168.97115384615384,45.477113,9.2287843,16.947651999999998,Marco_Capaldo,70,Deck,-1.4620976109357593,0.8521497511394333,-13.83304538951762,-1.5049283343318716,-2.4865357139429243,2.0146114846800818,2,-0.7276366828508443,0.0898411072192477,-2.2261180786164894
17671,169.91346153846158,45.477123,9.228722,13.180684000000005,Marco_Capaldo,70,Deck,6.350364976194023,3.167469619942744,-5.303257067562984,23.250370630014487,-13.935010235376003,-4.442430107279071,2,-0.2497349734927923,0.9878494712128244,-1.7575485901787071
17770,170.86538461538458,45.4771325,9.2286772,11.1583,Marco_Capaldo,70,Deck,1.339600612885815,-0.1483067999647486,-9.063910925834373,-14.27928947765982,5.3541552724887245,-2.3344630537388347,2,-0.5347361535256143,0.8936135429159449,2.478640857045143
17967,172.75961538461542,45.4771023,9.2284473,17.562516,Marco_Capaldo,70,Deck,-0.5733692268314139,-1.886272134641972,-12.792419204141035,-4.3548648991119325,-1.5732616327304652,-5.968677025356881,2,-0.2800710581367938,-0.0660767648988638,-0.6794725398287866
18065,173.7019230769231,45.4770878,9.2283702,18.938552,Marco_Capaldo,70,Deck,0.8008357866112744,1.6673539397234338,-9.259580717502704,9.58041818501422,3.3749739468400883,17.769499087662517,2,1.4660720068166908,-0.2882369419248878,1.2376761188469736
18261,175.58653846153842,45.4770708,9.228230300000002,18.17923200000001,Marco_Capaldo,70,Deck,0.2331621064219924,-0.2798403858834908,-9.4650604756804,2.70068048050472,6.626089463063649,-11.38890088475476,2,-0.0743055655933978,0.0452197884835531,3.704617456661087
18359,176.52884615384616,45.477065,9.228159800000002,18.11256,Marco_Capaldo,70,Deck,1.5694590279140583,-0.0810876260392272,-8.256381213143095,-4.9228841674909125,9.341585680039994,-5.747768206261448,2,1.1302508642019995,-0.0226472073993053,2.496064827594976
18458,177.48076923076923,45.4770628,9.2280953,17.686600000000006,Marco_Capaldo,70,Deck,1.1242854193260672,-1.1660172100687212,-11.153157609134308,4.387785033195895,-1.353081250735812,-10.624721169458793,2,-1.448407996029507,-0.1085900060819928,-4.523422389355306
18751,180.2980769230769,45.47706,9.2278913,17.329164000000002,Marco_Capaldo,70,Deck,8.213287567382842,-1.6185818117624675,-6.701949281284232,-1.6214402724909711,24.55074562146475,10.36686775399374,2,4.496379947750227,-1.3056961621082597,6.013087047289955
18851,181.25961538461544,45.4770775,9.227842,15.212328,Marco_Capaldo,70,Deck,-0.1410285225351442,-3.5346798705360736,-14.393030359618695,-3.4592403906093683,1.0558191886529795,-14.866090512555893,2,0.5180865049696021,-0.5667631265984983,-1.895932407405992
18949,182.2019230769231,45.4770792,9.227774,14.956752000000002,Marco_Capaldo,70,Deck,-5.311095416158162,1.0175383809873575,-15.459425952714517,-0.9902151338833578,-0.3080998396367205,3.998034912805097,2,-0.8184293900708939,0.408437143855837,-3.2186274247209994
19047,183.1442307692308,45.4770865,9.2277145,12.80658,Marco_Capaldo,70,Deck,2.9639056459444086,0.6495411975845009,-11.665706510802456,0.983320929921612,29.3050143437614,39.78317935939504,2,1.486150850590902,-0.7817356963835227,1.128891150633681
19146,184.09615384615384,45.4771108,9.2276437,12.495444000000004,Marco_Capaldo,70,Deck,-0.118617008575035,0.8041275089416736,-9.311710971452468,10.388667405736516,4.14158654170734,28.296019965249208,2,-0.3853604263515829,0.285080422373291,0.2634612262177587
19244,185.0384615384616,45.4771535,9.2276087,13.747395999999998,Marco_Capaldo,70,Deck,1.506569809037784,1.2473539358024934,-7.0082506724820135,2.2335318511371423,17.893473098874022,34.48056594835713,2,1.3401548933903,-0.3263959113416157,7.208522109129423
19343,185.99038461538456,45.477184,9.227566,13.451076,Marco_Capaldo,70,Deck,0.0606115599896657,0.3159464838301266,-11.071065036032143,8.86127705776233,-5.233729256099047,-16.470075372361705,2,0.3500201946337702,0.0995305104128439,-0.7744658962235693
19440,186.9230769230769,45.4772157,9.227535,13.299212,Marco_Capaldo,70,Deck,-1.990515834204664,-1.4952521076152572,-10.2225359699478,4.725204910538412,-6.902343545756278,-8.969555597462064,2,0.365696615446853,-0.092374651628398,1.7672817495586806
19538,187.86538461538456,45.4772533,9.2275115,13.940004,Marco_Capaldo,70,Deck,-1.160431728421011,0.5504903212162865,-10.633579303839806,-15.993176859820409,-9.666260257448004,2.1541065934779136,2,-0.5999699859241677,-0.3905039514507643,-1.560733550682352
19636,188.8076923076923,45.477301,9.227507199999998,16.953208,Marco_Capaldo,70,Deck,-4.028519048961618,-0.491052038189441,-19.374985529079986,0.7469687393287701,1.3049564909277218,-7.129157333939707,2,-1.1483999602295865,-0.1345565483897244,-4.03507717572692
19735,189.75961538461544,45.4773365,9.2274843,16.379088,Marco_Capaldo,70,Deck,1.4977408907329086,-0.1302925238132871,-9.320372830062318,-5.369555102105711,12.479733368269342,7.734276433304607,2,2.5829893200842378,-0.0359044129447532,5.444148688606198
19932,191.65384615384616,45.4774302,9.2274453,19.403404,Marco_Capaldo,70,Deck,-1.0932753655986165,0.408724984962685,-11.711683749421516,-4.998699339818471,3.746233088528432,6.504550044556267,2,-1.3945103489535309,-0.4204239743253454,-2.294275073730063
20029,192.5865384615384,45.4774687,9.227425300000002,17.981068,Marco_Capaldo,70,Deck,1.2741191800016478,0.5691687456559218,-5.982265537347912,0.483760389628952,-1.4552594832277048,-1.699855091311952,2,0.7741894183833347,-0.3028986546255653,2.6447659303154776
20225,194.47115384615384,45.4775705,9.2274033,19.05708,Marco_Capaldo,70,Deck,0.498587281507786,-0.3868755622834103,-8.925782903436493,-4.5833072317154695,6.683357918879397,-4.225735588744523,2,-0.2576445943092311,0.0760485079665522,-0.0884075646813045
20324,195.4230769230769,45.4776302,9.2273882,21.422084,Marco_Capaldo,70,Deck,-2.719062799043616,0.5135873761277341,-7.944739790457318,-11.850572144182888,-14.838346244383311,-0.7510057533481529,2,-1.9085115979766176,-0.3834817260721418,-4.830250969484972
20422,196.36538461538456,45.47766729999999,9.227355,19.392292,Marco_Capaldo,70,Deck,-1.8727417091162524,-0.4600666141490992,-15.560709322398193,3.5274025842150603,-10.399318463853383,-11.34703275154394,2,0.8916911838736183,0.3930770996455581,-3.1150350473816903
20521,197.3173076923077,45.4777153,9.2272962,21.646176,Marco_Capaldo,70,Deck,0.3071516689737531,-0.6386361851350308,-11.55367346605935,18.308613318238116,4.2357515991717545,-6.285218232700468,2,0.1832990532240019,0.5590545821161048,0.6333001643274176
20618,198.25,45.47776270000001,9.2272472,22.883312,Marco_Capaldo,70,Deck,1.2472905857017065,-1.2215825013074642,-8.918734135290256,3.1869458252456755,6.857944586098455,11.660362984345436,2,0.6706696732295819,-1.2139191571518615,-3.8268769892795858
20716,199.1923076923077,45.47781079999999,9.227214300000002,23.02036,Marco_Capaldo,70,Deck,-1.252162910937734,0.7263057037013021,-13.25151183909434,-4.757830793097467,-1.3017408150027991,16.231152129315493,2,-0.2393141142365342,-0.0255844328447094,-4.005301851920729
20815,200.1442307692308,45.4778627,9.2271918,23.11296,Marco_Capaldo,70,Deck,1.151452714734172,0.3515941568650569,-9.837072082353307,1.0713587385163836,7.980934369184978,11.986038484812164,2,-0.3228210866098486,-0.3453628849521307,-2.1945890985921945
21011,202.02884615384616,45.4779727,9.2271565,21.966572,Marco_Capaldo,70,Deck,-0.5230283449547486,0.2199614077964248,-10.761165737617803,-6.048396943960199,-4.232291577462114,2.219687507413451,2,0.1630905524627801,0.0464298316963787,-2.0055273569963106
21207,203.9134615384616,45.4780708,9.227112,20.838704000000003,Marco_Capaldo,70,Deck,-0.1748153855609877,-0.8081031238098292,-10.94647025407333,5.302898460104533,0.1228537240276272,-0.1270706459481774,2,0.5478729674520126,-0.0501068704712575,-0.5221159946134186
21404,205.8076923076923,45.47818270000001,9.2270787,22.155476,Marco_Capaldo,70,Deck,0.0418800866223165,-0.5509436718977688,-5.909609112424757,0.643818308772,3.331402338528002,-1.6696072503110748,2,0.1107079556167529,-0.0642118712774278,-0.1648795851707358
21502,206.75,45.478227200000006,9.2270617,19.8627,Marco_Capaldo,70,Deck,1.2198727882160303,-0.7870469579601356,-5.236283337786689,-3.9506039120037952,3.793252981440145,-5.564291750333425,2,-0.7251246778405025,-0.4181896972248446,1.7288981547039723
21699,208.6442307692308,45.4783308,9.2270128,21.803596,Marco_Capaldo,70,Deck,-1.0115524260168307,-0.8174649285317378,-10.243516888130737,-5.5084193931495005,4.436230885336697,2.6795784139625924,2,0.5887605732728831,-0.0946326071538297,0.2319411820351629
21895,210.52884615384616,45.478441,9.2269468,22.601808,Marco_Capaldo,70,Deck,0.7974475608449403,0.8659215873801981,-9.0870142268755,5.982501053545043,1.9227305396847325,1.8755899564279737,2,0.2623224956873111,0.5956893700628227,1.1706924657286957
21994,211.48076923076923,45.4785018,9.2269172,23.27038,Marco_Capaldo,70,Deck,-1.5944888018665573,0.0749978058806708,-10.056142614023752,-3.93669762640918,-2.3584335560373164,-4.204588414531181,2,-1.3701482008049486,-0.0979753903707848,0.6256773645623888
22092,212.4230769230769,45.4785583,9.2268855,23.125924,Marco_Capaldo,70,Deck,-1.05235352058092,0.8603962956648562,-7.606862577176403,3.3500946574257955,-0.5324425288998889,4.392072508093087,2,-1.1042842631650138,-0.2358750199033327,0.6372289632174466
22191,213.375,45.4786205,9.226856800000002,23.725972,Marco_Capaldo,70,Deck,1.1461260083024865,-0.4901023392854347,-7.8996001172681725,2.7651014083452594,4.367373253184564,-1.7805846950955333,2,0.8872107951261521,0.5742936137369836,-0.5167604793804097
22290,214.3269230769231,45.4786822,9.2268315,23.651892,Marco_Capaldo,70,Deck,-1.221740825949072,-0.9465531260953558,-10.988339369431635,9.054325805046004,1.4029450181262648,0.341424026201536,2,-1.735226631057826,-0.4356762456409198,-0.9828894620806246
22386,215.25,45.47874270000001,9.2268172,23.457432,Marco_Capaldo,70,Deck,-1.0495915566329688,0.4958007441373741,-12.7148259107951,-3.8291970567419535,-6.058385180852864,2.109100572207645,2,-0.9173358037339512,-0.1510876004481824,-3.189187898549857
22583,217.1442307692308,45.4788682,9.2267808,23.172224000000003,Marco_Capaldo,70,Deck,-2.528393826050352,-0.0538565751264142,-9.766713318314178,-8.846925542263646,1.7826935212337442,7.86054675380004,2,-0.8777203733993975,0.0720957616685632,-0.1555973978876537
22780,219.0384615384616,45.4789765,9.226757199999998,18.692236,Marco_Capaldo,70,Deck,-0.8269142067598059,0.5634587418619209,-10.159284339292178,8.738619494536481,2.0954763176803417,15.214902021429644,2,0.2121691107768195,-0.1952530374467382,-0.1643209447546976
22878,219.98076923076923,45.4790188,9.2267638,15.710515999999998,Marco_Capaldo,70,Deck,1.4022183507620072,1.8408437188956224,-12.162173124219134,3.4279636044950625,14.376399692669551,42.35561354650885,2,0.1903868834181186,0.2471324861058095,0.5572441391219574
22975,220.9134615384616,45.47906079999999,9.2267882,16.432796,Marco_Capaldo,70,Deck,0.9141228967779174,-1.806997814447004,-9.330836169230686,-2.078833016596132,24.41046393805798,55.093954788005846,2,-0.006351633802234,-0.2794250522340711,1.8323857002703217
23075,221.875,45.4790745,9.226844,18.758908,Marco_Capaldo,70,Deck,-1.561436263179964,-2.2972685410583167,-24.23821970757552,-41.66369744848072,20.907411018950697,21.549462445081573,2,1.1154209013508003,-2.0432124014520943,-4.420649866054824
23171,222.7980769230769,45.4790713,9.226905300000002,18.394064,Marco_Capaldo,70,Deck,0.3536655468290437,-0.0104375729670704,-7.104090301933828,23.299917954701005,-0.4128749398536566,-31.89902335580328,2,-0.7714237406324347,0.1887319718841244,-0.1539347224987137
23271,223.75961538461544,45.4790722,9.2269713,19.888628,Marco_Capaldo,70,Deck,-3.2808577364194886,-0.6106497071621606,-10.943069248758151,-1.2783898416839707,-2.1808782274095457,-13.423126907256297,2,-0.1826518883919092,-0.2367042278650704,-2.392638089773984
23370,224.7115384615384,45.4790787,9.2270388,19.857144,Marco_Capaldo,70,Deck,-0.3358526103206292,-0.5407376916814115,-12.136087675889184,6.318267844367387,1.769311092137115,0.8806199283401099,2,0.5815283187983348,0.1825847984651019,1.0478889491294885
23468,225.65384615384616,45.479089,9.2270995,18.149600000000003,Marco_Capaldo,70,Deck,1.351429470819992,2.2447501573199635,-12.066030903646991,24.118660684469923,15.356742079008775,13.469694285370094,2,1.0116108133925734,-0.112113879404343,2.6115458594646497
23567,226.60576923076923,45.4790932,9.2271688,19.357104,Marco_Capaldo,70,Deck,-3.4122309563332824,0.161825329218969,-15.195773665316056,35.013053463622825,8.435983495618178,-22.66463680023976,2,0.7668875323058271,0.6728487252398125,2.4140318104483867
23663,227.52884615384616,45.4791098,9.2272332,19.886776,Marco_Capaldo,70,Deck,0.611389212289276,0.34909707776169,-8.886807911710239,13.391927827478751,-24.37897919462317,1.0510683638379463,2,0.3270666472705597,-0.1017998355443648,-5.2691894524137055
23761,228.47115384615384,45.479116,9.2272968,19.475632,Marco_Capaldo,70,Deck,-2.0479595517972027,-0.1234605467975564,-7.4770825867209725,-38.1130327411576,3.2468158777051617,33.09165340414984,2,0.5892481089443491,-0.1990725193693379,0.1826591409010225
23861,229.4326923076923,45.4791202,9.2273732,21.414676,Marco_Capaldo,70,Deck,-3.3756487591471687,-1.313013365263955,-13.086914423492374,2.621586920198129,-5.126261575860188,-13.745036497753176,2,-0.7978638104735891,-0.4924189411293718,-3.316388576855981
23959,230.375,45.479131,9.2274422,20.925748,Marco_Capaldo,70,Deck,-1.6962844573154463,1.5915037448223253,-13.280972670606554,2.9921086715451426,-2.5984770645365467,4.198553461483805,2,-1.2106514777009114,0.1994178205944888,0.3357819512314819
24057,231.3173076923077,45.4791355,9.2275095,20.327552,Marco_Capaldo,70,Deck,-1.1979133312009516,-2.4899501275579,-7.060492957409121,2.5997637507589686,2.78592096217219,-39.69254342076611,2,-0.1260298598478773,1.1182250791533366,1.1735819916464685
24154,232.25,45.4791415,9.22756,17.327312,Marco_Capaldo,70,Deck,-0.926495773007102,-2.5854155823902265,-9.925350743098962,-0.6947162934586397,-2.706380549058613,-49.42003842931772,2,-0.0092071958208308,0.6313909486201057,-0.2502831145701982
24252,233.1923076923077,45.4791555,9.2275822,12.663976,Marco_Capaldo,70,Deck,0.4180850383409833,-0.2613497629420647,-10.037559675518429,17.07297092042931,4.989405459497127,26.32209519257985,2,0.1595355422575492,-0.0014511674402255,0.5312085187536351
24350,234.13461538461544,45.479167,9.2276275,14.030752,Marco_Capaldo,70,Deck,1.356202634420135,-1.94306595961496,-10.308586660861764,-9.399899347035293,3.6658196372145593,-0.5405031303446249,2,0.0619572695583914,0.3526670786976933,-0.1148008317290258
24548,236.0384615384616,45.4791822,9.2277577,19.688612,Marco_Capaldo,70,Deck,1.39126118812121,-0.1743887234378528,-10.62579409735323,-4.59128081396546,6.250578077662063,1.0143412645792749,2,0.5836280553422828,0.015986608582659,0.2931467573542612
24645,236.97115384615384,45.47919570000001,9.2278248,20.184948,Marco_Capaldo,70,Deck,0.3473093951027891,-0.6410189219553011,-10.034937642259736,-1.1177704885260975,3.3132430181286776,-9.610126287803425,2,0.4907247537916095,0.0476344484720056,0.1158341778670006
24743,237.9134615384616,45.47920670000001,9.2278973,21.031312,Marco_Capaldo,70,Deck,1.0357834781699822,-0.3475717826988225,-9.71388971668414,-1.9321836361647529,2.11595085680201,-3.2990788118159817,2,0.357637262594676,-0.0673176044127102,0.759069848563362
24940,239.8076923076923,45.4792408,9.2280343,19.894184000000006,Marco_Capaldo,70,Deck,0.0967634768950921,0.1842640124721872,-9.157071454823289,3.218872793140903,1.8623009089654183,-2.0507264077653096,2,-0.3629552792628024,0.3259214271917681,0.2648016374263307
25136,241.6923076923077,45.4792662,9.228183,22.198072,Marco_Capaldo,70,Deck,0.5484112106561433,-0.6488806367506147,-9.13137764871879,7.086411117473223,1.5661002869250842,-12.2281908167653,2,-0.4025771226000373,-0.0474871244087773,0.1949235647807672
25234,242.63461538461544,45.479275,9.2282608,22.746264,Marco_Capaldo,70,Deck,0.2608329333661959,0.8409483990688673,-10.27237540541477,-8.376420823272328,5.701295950802442,13.365465552032946,2,0.3555292805480472,-0.0232926666740597,0.1457079490596768
25431,244.52884615384616,45.479285,9.2284165,23.02036,Marco_Capaldo,70,Deck,0.1145632705272728,-0.1108907430260224,-10.754991976189247,-1.4873652230660532,5.071137030338903,-0.579908486000444,2,0.0026824465884077,-0.0572470147442695,0.6780875374786355
25530,245.48076923076923,45.4792852,9.228499,23.003692,Marco_Capaldo,70,Deck,0.9364733161454196,-0.1916211230468,-9.593141106497502,1.707602257561288,3.9221908874895095,0.9658525801013154,2,0.1130703098346319,-0.0090439071978061,0.1066901867885032
25628,246.4230769230769,45.4792945,9.228569300000002,20.349776,Marco_Capaldo,70,Deck,-1.5967976339844532,-2.4796851027968856,-9.46560145736511,-6.057669053251238,6.484514491342324,-0.6590919763498722,2,1.880952242617307,0.4734906076816938,2.4361906123347854
25727,247.375,45.4792995,9.22864,20.3257,Marco_Capaldo,70,Deck,0.0617067913051722,-0.5250414044689823,-9.634427432423449,0.2376403269607659,2.8563799174735323,-6.8512439527058175,2,0.3957900819348816,0.0363678243351047,1.2465895970393035
25823,248.2980769230769,45.47929170000001,9.2287228,22.498096,Marco_Capaldo,70,Deck,-0.9019608944050712,-0.8975493411201324,-9.231631625177885,7.028155258172152,0.7143214522768613,-12.415710425748394,2,-0.4784910403476812,-0.0841203033843094,-8.190319318757132e-05
25921,249.24038461538456,45.4792873,9.228805,23.075920000000004,Marco_Capaldo,70,Deck,0.7636096955627454,-0.7504306224829919,-9.379673441769452,-3.6774494967967737,3.092626677152121,-5.829072556497255,2,0.0593010770201654,-0.0911327711871214,-0.1218434559606667
26020,250.1923076923077,45.4792907,9.2288877,23.322236,Marco_Capaldo,70,Deck,0.6946661708325564,1.0460776270962573,-8.585310585431111,9.186391407313824,0.9921203117160706,1.8856829551217684,2,0.1985607006189682,0.3638415310227723,-0.2464156599142875
26217,252.0865384615384,45.4793047,9.2290465,22.338824,Marco_Capaldo,70,Deck,-0.3161911847607346,0.5821254908438863,-10.122517099236576,-2.154966854418276,-0.3605447757561615,0.6126150406386941,2,0.1375002669840463,0.1001663072246593,0.1151187625460998
26316,253.0384615384616,45.47931420000001,9.2291235,21.942496,Marco_Capaldo,70,Deck,0.3816230593892879,-0.2749553428982349,-8.375670253880148,-1.0372757429103117,3.28062640487409,0.612580189149365,2,0.1016756068248375,-0.1292551252113384,0.7556710911617426
26412,253.9615384615384,45.479318,9.229205699999998,22.405496,Marco_Capaldo,70,Deck,0.3608624781097488,0.1613206076105963,-8.929250306527708,3.0443706324358835,3.0561323173544013,-1.3594384700339417,2,-0.2076269714392654,0.2559807101613645,0.4763264745105929
26510,254.90384615384616,45.4793188,9.2292923,23.235192,Marco_Capaldo,70,Deck,-0.2856717030359264,-0.107384670042925,-11.03667589119726,1.2294000789215942,1.894894018876152,-2.5170564778640143,2,-0.4277725827053317,0.0952802460992405,-0.442577144867288
26610,255.86538461538456,45.4793172,9.229376,22.870348,Marco_Capaldo,70,Deck,0.6171088268601332,-0.2951436649515058,-8.20733778583882,-5.122258737667512,4.931600620982064,4.056789696092491,2,0.0243118366763126,-0.3683625267581688,0.2146618032428264
26807,257.75961538461536,45.4793223,9.2295255,20.809072,Marco_Capaldo,70,Deck,0.9576593123018232,-0.0982909393209742,-9.61562750006644,-2.3808953798366463,3.2762832430725544,4.090317754589116,2,0.4198132090615141,-0.0969479487735055,-0.3177333855571955
27002,259.63461538461536,45.4793133,9.2296872,23.374092,Marco_Capaldo,70,Deck,1.1448944550697806,-0.199364353734038,-8.241679291068126,5.3096467947001305,0.7663133796373893,-5.110607495796182,2,1.4492089253451264,-0.4778060359257866,1.6159977259652507
27200,261.53846153846155,45.4793115,9.2298518,22.975912,Marco_Capaldo,70,Deck,0.2413856792860163,0.1119332205888996,-10.882884236345731,4.095699914310085,2.63249246654029,-1.5380075616824742,2,0.3316868301086388,-0.5900905418601567,-3.764940824865315
27495,264.375,45.4793313,9.2300933,21.849896,Marco_Capaldo,70,Deck,-1.123240567491366,0.7051911215717072,-10.78644013557698,-3.984264715311913,0.8685789723746091,13.89870541924408,2,-0.4044959392452828,0.0565319006392972,-0.9110550127168846
27591,265.2980769230769,45.4793302,9.2301713,20.773884,Marco_Capaldo,70,Deck,1.110736855189598,0.3741196165827971,-10.002861598860967,-9.932107879320974,4.2704531767203,9.28139303883994,2,0.1659313785003523,0.0041638842687596,-0.1692649479820236
27690,266.25,45.47932670000001,9.2302492,20.842408,Marco_Capaldo,70,Deck,0.1531602206943673,0.645073878801835,-9.640226541933728,0.4212087508237578,0.8865229028982924,1.9576542643376529,2,-0.8830219034542486,0.3414669444059994,-0.6440859671727868
27789,267.2019230769231,45.4793277,9.2303197,19.97752400000001,Marco_Capaldo,70,Deck,-0.8129655670479043,-0.5185063812668507,-10.247362360991309,6.368542573495213,0.3166411427597349,-4.409977305673097,2,-0.3727357331631089,0.0524739498942903,0.222557107420112
27887,268.14423076923083,45.4793213,9.2303823,17.842168,Marco_Capaldo,70,Deck,-1.636186017407106,3.4482986929206185,-9.889654157303182,-16.13850546020979,5.957762015408374,34.477008832030954,2,0.1623129779414434,-0.4425969290339484,-0.084229326892359
28084,270.03846153846155,45.4792923,9.2304913,13.665907999999998,Marco_Capaldo,70,Deck,-1.7618639891409609,1.4652493498925467,-9.98695034630674,15.789061132607568,3.071182639920464,21.982754527774443,2,-0.0567484973879495,0.0479468840597598,-0.4848461228028924
28180,270.96153846153845,45.4792813,9.230527,10.154516,Marco_Capaldo,70,Deck,-0.3280882745019626,0.6402588165716082,-10.052998161196854,5.790022351197872,3.896502256645642,30.08153280279989,2,-0.1133912186727038,0.1681567446481112,-0.0989387481886101
28278,271.90384615384613,45.47926629999999,9.230527,5.850468,Marco_Capaldo,70,Deck,-1.780692661953967,5.813810718503461,-16.893503630354367,31.885575895319523,-10.31232146348584,-9.580863041825271,2,0.8391419248820449,-0.401144694975276,1.8194762465523409
28476,273.8076923076923,45.479247,9.230524699999998,3.174328,Marco_Capaldo,70,Deck,1.7201483807929288,1.512376109504446,-11.098550093503723,12.629070743925936,-0.4249689601392088,26.48413845212886,2,-0.5932006353504278,-0.543945855877809,-0.1906705792288505
28574,274.75,45.4792495,9.2304998,8.754404000000001,Marco_Capaldo,70,Deck,3.0984329926632013,0.7668330289162071,-9.641767734106004,-6.438238260776586,-3.6518982064301646,1.7474449677868806,2,1.064509402718148,0.3990492900678571,2.2019070545408628
28673,275.7019230769231,45.47925470000001,9.2304708,10.70456,Marco_Capaldo,70,Deck,-8.715832066337219,0.7059933967795314,-9.242851163606453,-8.971789431507707,1.960305949749153,15.588978206553795,2,-10.452574864953036,-2.477991779606404,10.869976330284029
28769,276.625,45.47925120000001,9.2304312,13.675168,Marco_Capaldo,70,Deck,-2.7146788394506416,1.1027885037022334,-14.548125973168553,11.323421767613366,1.6814824512044826,-13.922303013109673,2,0.7230786873887118,0.946440550865728,0.3878837151500214
28967,278.52884615384613,45.4792565,9.2303267,17.719935999999993,Marco_Capaldo,70,Deck,-3.6713936816043127,0.5625248496898573,-13.40200848845554,-6.346803777538452,-22.64507419502939,-0.942253841160114,2,-2.1029099427492235,0.5879998315596657,-13.765052272323391
29065,279.47115384615387,45.479261,9.2302713,17.508808000000002,Marco_Capaldo,70,Deck,0.5448192275998656,1.359805342957389,-8.54979790256295,-16.785258408685458,2.4539872657604924,11.675052302195263,2,-1.30420054915035,-0.0033878962779803,-0.8583880710995118
29164,280.4230769230769,45.4792703,9.2302223,16.243892000000002,Marco_Capaldo,70,Deck,-1.389661232565083,-0.2456475076386236,-11.155558222779309,1.2123864097856187,3.7688707053790536,-5.243896481128104,2,-0.8735861178361527,-0.1010062188385657,-2.4638286725028866
29260,281.34615384615387,45.4792883,9.2301922,12.319504,Marco_Capaldo,70,Deck,0.9617225561699304,-0.0751855534177913,-9.087324686837302,-6.108986161015627,-1.9907509461619293,-1.78362248834767,2,-0.3831275191136904,-0.244519074699025,-1.6803874560662493
29358,282.28846153846155,45.479286,9.2301627,9.367416,Marco_Capaldo,70,Deck,-0.5731572777884979,-0.7592744144993917,-10.85619095181744,0.6864732589686429,4.1535903140183,-23.395680096309743,2,-0.2884873825057254,-0.431175807946237,-1.3348448571337688
29457,283.24038461538464,45.479272,9.2301343,8.406228,Marco_Capaldo,70,Deck,2.361342130038912,-2.09924756013954,-11.796785034085415,-3.459532718032241,23.36651281918089,-63.51795996018016,2,0.5430854757430073,-0.1410379331555,-0.939456864811712
29556,284.1923076923077,45.47923770000001,9.2301242,9.752632,Marco_Capaldo,70,Deck,-2.1619849932613096,0.5558939972934617,-6.775954149333991,2.6914523518601423,-9.379205105880876,-9.018060065165248,2,-1.674594057708327,-0.1130632338738317,-3.688401279164207
29654,285.13461538461536,45.4791883,9.2301315,14.656728,Marco_Capaldo,70,Deck,0.0885631627967356,0.159659073384724,-10.665530298310976,11.095772186548643,1.3044996373820448,-9.091367402461284,2,0.217653533572337,-0.0975125953132341,0.562084643176231
29751,286.0673076923077,45.4791325,9.230123,18.318132,Marco_Capaldo,70,Deck,0.7561653060623583,1.049536349162408,-11.536937079431029,-9.604296926711523,5.745672629454,4.522757945799313,2,0.2314664890878088,0.5467889545646324,0.9827574376980248
29849,287.00961538461536,45.4790758,9.230126,20.990568000000003,Marco_Capaldo,70,Deck,0.9696184409029798,1.1860238959406686,-5.7575807357551385,-9.317784884271893,10.894982562681008,13.548236823891854,2,0.673372227916891,-0.0189096162599327,5.835863851273468
29947,287.95192307692315,45.4790227,9.2301343,20.61276,Marco_Capaldo,70,Deck,1.5635671289561477,-0.1880836447453376,-9.80484764859517,6.985787902505393,-1.6693855564154996,-9.013649983950524,2,0.9917139288724212,0.4133040599684694,0.3313569538077594
30047,288.91346153846155,45.478969,9.2301398,20.820184,Marco_Capaldo,70,Deck,-0.6980937112118398,-0.2209221143070763,-11.278222430941383,5.12459668319071,0.8746392556153246,-0.5716906237992871,2,-0.123329447596954,0.04049678625466,-0.7682930580764218
30145,289.8557692307692,45.47892279999999,9.230153199999998,19.357104,Marco_Capaldo,70,Deck,0.5733412480357778,-0.5132900588854008,-8.965031062255921,-2.8421044330509013,2.3964304697030068,3.8952288500598575,2,0.5265636144529171,-0.0610625035651535,0.3297843421382112
30243,290.79807692307685,45.4788758,9.2301583,18.836692000000006,Marco_Capaldo,70,Deck,-0.3349114200357656,0.8046207236031152,-10.438975299317091,-5.825744405509968,11.610980278660126,7.427166023875,2,0.96644868203774,-0.6608364410680513,0.6158641371026601
30438,292.67307692307685,45.4787973,9.2301567,14.530792000000002,Marco_Capaldo,70,Deck,0.224235144506216,-1.932234032820392,-7.775859406962553,-6.631963675639883,12.613238636880292,-16.549115078815728,2,0.2413467762850477,-0.1487820545191589,1.5330845672638862
30537,293.625,45.47875670000001,9.2301598,13.7974,Marco_Capaldo,70,Deck,-0.9329024947817643,-1.0591637662354247,-10.3470042230914,4.74342366283312,0.6545538922371525,-1.4350304617557803,2,-0.0276871755112023,-0.1593640830549031,-0.649304939208406
30637,294.58653846153845,45.4787222,9.230152,12.104672,Marco_Capaldo,70,Deck,1.1765692536990435,0.2774618187825837,-10.216502675752183,-10.67049399198003,8.939063221593695,3.3060885436451626,2,-0.0473290595272615,-0.0685564685147324,-0.4357356169852071
30735,295.52884615384613,45.47868370000001,9.2301523,12.01022,Marco_Capaldo,70,Deck,0.2551952797121146,-1.157979174716382,-12.075670557262216,-8.587898457810118,10.474520385717568,-32.218834904315536,2,0.493764537559175,-0.2132557195419351,0.856761040793609
30833,296.47115384615387,45.4786505,9.2301798,12.645456,Marco_Capaldo,70,Deck,-0.6666066135574313,-0.9231196585855648,-10.836059605630489,-7.127303004563642,6.9717351828439735,-15.864500194762282,2,1.3811321728816588,-0.0933520040270324,0.8561409538328366
30931,297.41346153846155,45.478637,9.2302305,14.662284,Marco_Capaldo,70,Deck,0.5132306903527313,-1.5857006984540734,-11.857541954087624,-4.7893064929945615,3.412037994828823,-17.528913169220957,2,0.1361432986075999,-0.1982008892967297,-0.203855824698417
31029,298.3557692307692,45.4786348,9.2302902,17.725492000000006,Marco_Capaldo,70,Deck,-0.1912032121095624,-1.4994174075423436,-10.243421347601515,8.084456597649421,5.741150576814989,-26.457042263748388,2,-0.1318908473774996,-0.3686340726543402,-1.1666955625581643
31128,299.3076923076923,45.4786443,9.2303537,19.34599200000001,Marco_Capaldo,70,Deck,-1.1639909217694488,-0.7975014680446729,-10.09121921849754,20.34972441172911,-23.842978759190785,-8.72299955936686,2,1.031129411645794,-0.9682398495324972,-4.972790263824591
31224,300.2307692307692,45.4786508,9.2304182,19.005224,Marco_Capaldo,70,Deck,7.437819811590447,3.6334909013557337,-4.3817137168801095,-20.908788794622755,33.07389564653239,46.7626373000424,2,0.8668007544585432,-0.053405138212327,3.1363893265146734
31323,301.1826923076923,45.4786332,9.230492300000002,20.04604800000001,Marco_Capaldo,70,Deck,-1.264791185948018,1.0198626125404575,-13.814944903823438,-7.781530464209159,7.2451516501127236,22.53588451876088,2,0.2172571053550214,-0.4431994275609461,1.5773002195133277
31421,302.125,45.4786253,9.2305657,21.014644000000004,Marco_Capaldo,70,Deck,1.2298790173531735,-0.4368306311451156,-8.297333082210935,12.489089502564946,6.727804747972567,-19.512799338759283,2,0.2668224575238395,-0.0626639814565427,0.3127623942000621
31519,303.0673076923077,45.4786113,9.2306513,22.733300000000003,Marco_Capaldo,70,Deck,-1.6675077268640015,-0.2544869113017661,-12.262233758565872,-9.592426899427572,-1.690776743833915,-2.7679215202519982,2,-1.1032870537074275,-0.3721149241557956,-3.0838834005897784
31618,304.01923076923083,45.47860429999999,9.2307362,22.568472,Marco_Capaldo,70,Deck,-1.3576310732692922,0.5388662864655339,-8.94590496274993,3.1341026525018285,-4.697857422876996,0.2890659676618208,2,-0.3331879464280209,0.6737297581463255,-1.6450191613688452
31815,305.91346153846155,45.47859520000001,9.2309055,22.664776,Marco_Capaldo,70,Deck,-0.3941580205787846,0.0756400766144138,-12.908068773090498,-2.0028127837235967,1.6107278721460716,1.2031064236096567,2,-0.6983319463726012,-0.1670939990918231,-4.1149361135191045
31912,306.84615384615387,45.478596,9.230984199999998,22.44624,Marco_Capaldo,70,Deck,-0.8501540355807464,0.2420702495220696,-9.468428548555988,1.9595980557349888,-4.05688753591241,-0.5176578837962875,2,0.5938146380104994,-0.0469947504800211,-2.1074519940086467
32010,307.78846153846155,45.47859370000001,9.231062800000002,22.064728,Marco_Capaldo,70,Deck,-0.301508062170488,-0.0921326320348722,-10.453343082459918,-3.713285923999952,3.0614734578222205,2.422387194809379,2,0.0959409399287872,-0.268687423361636,0.1305015326294487
32108,308.7307692307692,45.4785885,9.231139,21.74803600000001,Marco_Capaldo,70,Deck,-0.1486908298435064,-0.8782652316731833,-13.872881387408697,-11.65586009526826,6.34935622373463,-0.7334747043125658,2,0.7770309253616188,0.5135114478782971,0.9818664976247344
32207,309.6826923076923,45.4785918,9.2312197,22.498096,Marco_Capaldo,70,Deck,0.1026529039156194,0.3540105744248,-13.23682706545732,0.942269823759696,7.470503944190696,-6.467520147541263,2,0.0985635865625031,-0.0190336304776355,-0.0413276369904966
32306,310.63461538461536,45.4785892,9.2313007,22.222148,Marco_Capaldo,70,Deck,-0.1312197984329494,0.6836358365910015,-10.64185614995642,-2.382591565226805,4.078137190491886,12.6945477960354,2,0.1445504388423918,-0.2637607478099157,0.6240682391222929
32404,311.57692307692315,45.4785748,9.2313913,21.755444,Marco_Capaldo,70,Deck,-1.7337537751316137,-0.5130879537752641,-9.267846796073377,19.9707884160948,-7.868686671132681,-5.246429917619121,2,-0.7707573208040569,0.3751004297072621,0.2914004846682072
32599,313.45192307692315,45.478562,9.2315272,19.420072,Marco_Capaldo,70,Deck,-0.010594590337069,-1.5727054945382644,-3.030287764647864,-2.436323819971744,6.333801483575598,-7.314496477147761,2,-0.7919586942082444,0.0204590241630144,3.080876732249477
33091,318.1826923076923,45.478533,9.2319098,18.870028,Marco_Capaldo,70,Deck,-1.3940114996190764,0.171655879182915,-11.541974845955073,-3.8970246400455983,-0.6687179538977484,4.534163958089576,2,-0.4474647122022421,0.0430758593887193,-2.862567129755289
33286,320.0576923076923,45.4785207,9.2320012,11.865764,Marco_Capaldo,70,Deck,-1.2746045938190018,1.1575430752532172,-10.68318292691294,-6.646844877301843,5.097197420511378,33.23023027458366,2,-0.4353914429787682,0.1322110238129759,-1.7943174248105294
33385,321.00961538461536,45.4785138,9.2320368,9.774856,Marco_Capaldo,70,Deck,-1.1938411146788992,0.2508739056629242,-9.962409909911049,11.669442388420787,1.7465900933325902,-32.88199691129557,2,-0.1797064257225114,-0.0667947125949453,-0.2457943133230387
33484,321.96153846153845,45.4785043,9.2320708,8.082127999999999,Marco_Capaldo,70,Deck,-0.1709500791966481,0.1782545835587098,-10.398630727136885,7.455585496335787,1.3154923293562852,-9.62233980275436,2,-0.1698746408953793,-0.0381606149991822,-0.489303234711345
33582,322.90384615384613,45.4784898,9.232095800000002,7.172796000000001,Marco_Capaldo,70,Deck,-0.6236465127070177,-0.4974799787197862,-9.787592568086822,-3.4686699435428503,3.0393211089201704,-10.996279789513604,2,0.041304768838599,0.1597717150851638,0.087291415933425
33680,323.84615384615387,45.47848,9.232121800000002,5.887508,Marco_Capaldo,70,Deck,-1.7044067275127002,-0.4579042036688768,-10.486756223283413,10.603119316992744,-0.1869412666429255,2.819379740018012,2,0.1235053121047931,-0.1491913254027835,-0.3540314483582652
33778,324.78846153846155,45.478472,9.2321328,2.1520240000000004,Marco_Capaldo,70,Deck,-1.4358024922007524,-1.8708452297190663,-9.514317860632724,-1.368427782218743,3.1662021319625486,-0.2342439240714071,2,-0.3127407365175985,0.2020113757062274,0.0486367890389534
33876,325.7307692307692,45.4784717,9.232142199999998,0.927852,Marco_Capaldo,70,Deck,-0.0966075832541629,-1.6531565910121249,-9.67841002740786,3.967218315453424,1.6784621034269105,-0.4610506054218533,2,0.0001258614538637,-0.0595672052507436,-0.0056300303083176
33974,326.67307692307685,45.4784638,9.2321483,0.7889520000000001,Marco_Capaldo,70,Deck,-0.0561205827290003,-0.7148266499406067,-9.755062863912627,-0.7750245960945343,2.1588810358444475,-0.6719151631649423,2,-0.0004170721739936,0.0014113177538888,-0.0012646939958305
34073,327.625,45.47846420000001,9.2321515,0.205572,Marco_Capaldo,70,Deck,-0.008533174416338,0.3393030822494988,-9.855104219177225,-2.5737686145546577,2.161507074365768,0.2050371883512776,2,0.0616282825398901,-0.4800543813042037,-0.0314717232044508
34171,328.5673076923077,45.4784578,9.2321535,0.362992,Marco_Capaldo,70,Deck,-0.0017135635611381,1.0617260550704164,-9.77524200677268,-2.8621309579990184,2.422721472019405,-0.5038884954429381,2,0.0243142008564491,0.0473997426711934,-0.0019691197771738
34368,330.46153846153845,45.4784525,9.2321628,0.598196,Marco_Capaldo,70,Deck,0.001883835352593,0.6929067272121887,-9.7899892155538,-0.4554968950605538,2.3534951823780634,2.2399863692799067,2,0.0604412591468652,-0.0234329578715508,0.0296818795087521
