,Timestamp,Latitude,Longitude,Speed,Driver,Weight,Placement,Ax,Ay,Az,Gx,Gy,Gz,Confidence,Jerk_x,Jerk_y,Jerk_z
0,0.0,45.4780993,9.231936,23.090736,Davide_Rigamonti,55,Deck,-0.1019890393506521,0.0098236563810364,-10.005414629419676,-3.386746358954344,2.239749285342672,-0.5687501256647591,1,,,
752,7.230769230769232,45.4781437,9.231999,21.009088,Davide_Rigamonti,55,Deck,0.0455477626845968,0.1421110120983946,-9.830482330525363,-0.8461812239601949,1.9560131890360235,-0.5739997493696043,1,-0.0033293825437112,0.0006154974634826,0.002299183320952
851,8.182692307692307,45.4781267,9.2320222,17.027288000000002,Davide_Rigamonti,55,Deck,0.005475439161985,-0.0150961988380703,-9.791859618065258,0.1831905185679212,1.82497959991438,-0.7239565730641919,1,-0.0191976694288102,-0.0059404016728371,0.0173895278115345
1047,10.067307692307692,45.4780113,9.2320678,9.208144,Davide_Rigamonti,55,Deck,0.0240722764054597,-0.0345651989763479,-9.811107351402796,-0.8380507085953011,1.8552719781885256,-0.6859767795787564,1,-0.0061190846646961,-0.0012726389879694,0.0178547172936056
1142,10.980769230769232,45.4779873,9.2320845,6.080116,Davide_Rigamonti,55,Deck,0.0446359883764181,-0.0935234653936323,-9.82780056404004,-0.7027976556201776,1.87111255946188,-0.655741956819047,1,-0.0071512173211738,-0.0033888193666596,0.0147237982187675
1240,11.923076923076923,45.47796820000001,9.2320952,4.605924000000001,Davide_Rigamonti,55,Deck,0.0322839799726071,0.0157186012282068,-9.816900450399949,-1.3185310874145757,1.928291778296356,-0.5594360345552412,1,-0.0070578526309197,-0.0011378014987192,0.0069406457212828
1434,13.788461538461537,45.4779425,9.2321047,3.100248000000001,Davide_Rigamonti,55,Deck,0.0626082078183171,-0.0203297821211723,-9.85742707351519,-1.002059997684178,1.9518135492088609,-0.6389118915369432,1,0.0233496355276094,-0.0065926221921846,0.0020881301299677
1529,14.701923076923077,45.47793950000001,9.2321117,1.7982919999999998,Davide_Rigamonti,55,Deck,0.0190719892897625,-0.0324891652400492,-9.8189939904332,-0.6420564765014665,1.9183917233123844,-0.5771040259334166,1,-0.0130889057521613,0.0283940805534304,-0.0183195487348655
1627,15.644230769230768,45.4779402,9.232119,1.2964,Davide_Rigamonti,55,Deck,0.044465681965146,-0.1653964523503866,-9.82669607695167,-0.3768109723705155,1.8072821866778308,-0.6222179703343569,1,1.9391450921411868e-05,0.0036597995068326,-0.0008768009565187
1724,16.576923076923073,45.47794520000001,9.2321242,1.442708,Davide_Rigamonti,55,Deck,0.0244925860687257,-0.1191125471014209,-9.810362231212965,-0.7864976071607721,1.9134885435726927,-0.6369156992705891,1,0.0059783450424802,0.0048873637409449,-0.0034694968017525
1919,18.45192307692308,45.4779837,9.232146,0.285208,Davide_Rigamonti,55,Deck,0.0376178323105466,-0.081989094356478,-9.821692340291506,-0.3983262399364697,1.859935580374212,-0.6143704392792104,1,-0.0028689712265826,-0.0013336267025537,-0.0001524893054902
2017,19.39423076923077,45.478007,9.2321445,0.174088,Davide_Rigamonti,55,Deck,0.0057372303557257,-0.1631056524263575,-9.791356294475175,-1.2648219926109967,1.92522350347488,-0.6356561624036939,1,-0.007466376142679,-0.0001655236066367,0.0028132632908661
2113,20.31730769230769,45.47804420000001,9.2321638,0.6593120000000001,Davide_Rigamonti,55,Deck,0.4999194572645285,0.574692672300464,-9.730405677407116,-3.145132077763252,2.0300959608314075,2.3463695263277784,1,-0.0228402055886726,0.0201684792433782,0.0043968973945425
2211,21.259615384615387,45.4780713,9.2321867,1.3186240000000002,Davide_Rigamonti,55,Deck,1.5577767745143332,0.9395907892021614,-10.59574556421634,2.030994838990862,0.7607263453086572,15.05132404815511,1,0.0163826382991791,-0.3873886105877243,0.7385751044178193
2306,22.173076923076927,45.47810070000001,9.2322178,4.700376,Davide_Rigamonti,55,Deck,1.96056629479677,0.4196572989979416,-9.414737964563992,20.3556069382022,0.2639729568235029,-11.53692379070984,1,-0.4232381612744407,0.0461423864131823,0.4499669398515209
2404,23.115384615384613,45.47813729999999,9.2322512,4.29664,Davide_Rigamonti,55,Deck,0.8484213526779156,0.3709468829591619,-12.8471728240674,-0.1154723714229502,2.991615545057188,-12.74854798733848,1,-1.1471567189972367,0.4069891464313089,-2.8702188756675486
2502,24.05769230769231,45.47818779999999,9.2323045,8.759960000000001,Davide_Rigamonti,55,Deck,-0.1785446776190258,0.2341239347249268,-8.10157636785253,-2.285923401088663,1.278646267356396,-15.779888444757896,1,0.0669700680504588,0.2965989075937503,-0.086074342117449
2598,24.98076923076923,45.4782708,9.2323742,11.702788,Davide_Rigamonti,55,Deck,0.7514738790826672,0.5194116884792171,-11.868381091366247,-2.5409411945596267,2.6418960208321747,-2.979372036079476,1,0.405436521955309,0.3149603797131552,0.9555621360060088
2696,25.923076923076927,45.4783045,9.2324382,14.512272,Davide_Rigamonti,55,Deck,-0.5419211370156245,1.2366321998781566,-12.279687039002974,3.207866082855978,2.1334275070489337,2.0941847320927804,1,-0.2543159765086868,-0.3384149915938432,1.2422391219876625
2795,26.875,45.4783252,9.2325005,15.13084,Davide_Rigamonti,55,Deck,0.5899355354959037,0.2966646106302693,-11.007856289016988,2.15279522714605,4.3388375513469954,5.952043518391792,1,0.1876762911348159,-0.3547508165171836,0.3965166656236221
2990,28.75,45.4783357,9.2326262,16.267968,Davide_Rigamonti,55,Deck,1.3053890034041846,-0.3078515942265945,-10.804711058450764,0.1887434158694025,2.2962420329107376,-12.283444341845623,1,0.1948914654650364,0.0548567243077785,-1.35607559324057
3089,29.70192307692308,45.478334,9.2327022,19.481188,Davide_Rigamonti,55,Deck,0.6959070970702956,-0.4159864784450604,-11.01553066058368,-0.6252567068035577,-1.1585859028001435,1.442172516389646,1,0.0247036733009748,0.1371760055113391,-0.206588048379233
3187,30.64423076923077,45.4783263,9.2327867,21.568392000000006,Davide_Rigamonti,55,Deck,-0.1554271185621032,0.3275783955573406,-9.452153160874747,-0.3585304478611477,3.7462864313013737,-1.223741930884258,1,-0.6300340003162839,0.0216970152132636,-0.2176401688230349
3284,31.57692307692308,45.4783258,9.232873199999998,22.981468000000003,Davide_Rigamonti,55,Deck,-0.027520083809835,1.1837759932316534,-9.14448326791438,1.2121879948237573,2.2531680337330093,-0.1294945718815512,1,-0.4659756931205843,0.2243017097871249,-0.2578351038534805
3383,32.528846153846146,45.4783222,9.232959,21.336892,Davide_Rigamonti,55,Deck,-1.7575433332342356,1.1931744146895784,-10.812996431330754,-5.6631383693573225,4.472647098424617,1.6621793000729532,1,0.9178298634440832,-0.3631640235993103,-1.4625946208904228
3479,33.45192307692308,45.4783215,9.2330303,18.369988000000006,Davide_Rigamonti,55,Deck,1.7437369619794123,0.9950898290623212,-8.589994493931579,-4.980472179225525,11.219748923335528,6.219313642414567,1,1.0523410634223216,0.1279075869684957,1.6281474619297214
3578,34.403846153846146,45.4783242,9.23309,15.979056000000002,Davide_Rigamonti,55,Deck,-0.4278699423569097,-0.1268160959337551,-9.07126439711322,-2.7643296235877592,2.9225397986240536,-2.3591201134640603,1,0.2385211377192031,-0.133531258468615,-0.3021024667666303
3773,36.27884615384615,45.4783363,9.2331843,12.163936,Davide_Rigamonti,55,Deck,0.3304129928025066,0.2064011836851709,-9.040410490998717,-0.7774064217056864,10.675462900447254,37.05584686906848,1,0.0047773241841924,-0.1387086506513033,-0.3080830094211109
3872,37.230769230769226,45.4783322,9.2332102,9.182216,Davide_Rigamonti,55,Deck,-1.1116894721188475,0.0090480215813955,-11.12120675379158,-7.859718084828881,5.618471050027582,31.260447440053262,1,0.1049235388060565,-0.1000737233968093,0.410557843772251
3970,38.17307692307692,45.4783243,9.2332217,7.198724,Davide_Rigamonti,55,Deck,0.0954461665608073,-1.4929675661694792,-10.527462836892816,-9.322006245999871,1.8550769971108223,-17.967082689532415,1,-0.2054078301169335,0.0999308478144511,0.439943356588131
4069,39.125,45.47831770000001,9.2332448,8.674767999999998,Davide_Rigamonti,55,Deck,0.5012563388260514,0.1175687816636603,-10.94757712245026,7.14955278266516,13.392697255098303,-55.095034679242296,1,0.361085583624873,-0.2500516331790779,1.111368219395947
4165,40.04807692307692,45.4783263,9.2332685,8.182136,Davide_Rigamonti,55,Deck,-0.6590099678199708,0.0973301392344631,-9.1749482114837,1.483586479801882,5.8392107753378895,-32.2135098917244,1,0.4686834038305707,0.201232251017942,0.7699783875655708
4264,41.0,45.4783555,9.233282699999998,8.045088,Davide_Rigamonti,55,Deck,-0.2814107432061773,-0.1225918409747401,-9.589107419149316,-8.934200260788211,13.828443873246153,-54.30049243541757,1,0.6624138316808151,-0.0385090018378586,1.6857285605159245
4362,41.942307692307686,45.4783755,9.2332812,5.51896,Davide_Rigamonti,55,Deck,1.39352707207732,0.1628150125867481,-6.430219839755992,5.608549631663334,3.5495767290861493,-35.45119796038728,1,0.6947558327217411,-0.3537222886734502,0.4062854796400854
4459,42.875,45.4783898,9.233265,3.5799160000000003,Davide_Rigamonti,55,Deck,0.1640911657039945,0.0602799079247552,-9.679636364144178,-7.420660620987741,1.949323459839244,-9.613497413417829,1,0.2659404350374137,-0.0335984875073712,-0.2424526506513001
4556,43.80769230769231,45.4783988,9.2332505,3.311376,Davide_Rigamonti,55,Deck,-0.6390852381658851,-0.4355573617264545,-9.488678766610306,-6.539128698377607,2.9579038221714127,-2.3031513568228146,1,-0.8193047720706794,0.2112542934964286,0.0468699521737878
4654,44.75,45.47840120000001,9.2332327,4.804088,Davide_Rigamonti,55,Deck,0.3658951577757488,-0.8844101472260295,-10.767678884487667,-0.4613465406618453,5.444710566220323,-43.58221772982913,1,0.1995757875240448,-0.1463700474203632,-0.0459071930434369
4750,45.67307692307693,45.4784003,9.2332115,5.7319400000000025,Davide_Rigamonti,55,Deck,0.6676969839806159,-0.5880543997920609,-10.027252372195788,-4.967447384023667,3.2855723243244417,7.783129241435637,1,-0.0803263053541223,-0.0299896536878683,0.966828866280693
4948,47.57692307692307,45.478408,9.2331368,10.671224,Davide_Rigamonti,55,Deck,1.2335861150202418,-0.3321192203102777,-9.483048629405952,-5.9263013113771486,3.4627576042814208,6.700958084986388,1,0.1953971935987575,-0.1507132360161863,-0.2327968572966608
5046,48.51923076923077,45.4784082,9.2330842,13.415888,Davide_Rigamonti,55,Deck,0.3142199012212015,0.3052973950298359,-9.08005030610599,-9.573158320682976,1.7757622194469054,14.632294662542655,1,-0.3582460670742506,-0.1077143572163944,-0.623907497356079
5142,49.44230769230769,45.4784128,9.2330225,15.527168,Davide_Rigamonti,55,Deck,-0.0298700323016191,0.7307410554789333,-10.406060769037698,-9.379415782182928,-2.2024911479908065,14.243055229237475,1,1.050772858626808,-0.3919664003450152,-1.6748020120388087
5243,50.41346153846154,45.478406,9.2329412,19.320064,Davide_Rigamonti,55,Deck,0.3330796838527898,0.1572417122224167,-9.028465703123242,3.4195216749885824,2.4061101965027207,-1.0164961094685738,1,-0.1820488359128528,0.275199600538448,-0.0742006519843876
5339,51.33653846153846,45.4784087,9.2328605,20.2794,Davide_Rigamonti,55,Deck,-0.0474701426063907,0.1804998056970485,-9.626457297002853,-6.613690194879407,3.3022639066078416,4.551835764183013,1,-0.0861102896046333,0.1916959736601499,-0.2014214689333098
5534,53.21153846153846,45.4784193,9.2326827,23.28704800000001,Davide_Rigamonti,55,Deck,0.9220306751336966,0.6364977041184796,-9.056192786607546,-6.08691227969555,3.035027484741416,-5.573286109617381,1,0.6544453591677446,0.3685476326933183,-1.4665760743379854
5828,56.03846153846154,45.4784425,9.2324702,15.277148000000002,Davide_Rigamonti,55,Deck,-0.15891915844082,-0.5991175760025087,-12.261103827306638,-6.409571240723956,4.2786996803643325,-15.268604055270824,1,0.3949361323540417,-0.4003685102330029,-0.5874090747849703
6024,57.92307692307693,45.4784467,9.23238,10.63048,Davide_Rigamonti,55,Deck,-1.3801301080294035,-0.3622185664007061,-10.304857357988023,-6.109661383139317,-0.9070092346653889,2.466623301153964,1,-0.0357297322879592,-0.2423774109365679,-1.172838480677207
6121,58.855769230769226,45.4784467,9.2323423,9.934128,Davide_Rigamonti,55,Deck,0.1141961883208662,0.3279297901298766,-9.73768558851215,13.940657825938237,3.0358848164237084,11.197114365621996,1,-0.1655165919278481,0.1227863513677514,0.7701933982617444
6218,59.78846153846154,45.478453,9.232319699999998,7.985824000000001,Davide_Rigamonti,55,Deck,-0.0481464959151393,-0.1098185637210559,-10.090588907825513,1.5162923769702448,12.137960938637937,39.2226564301417,1,0.7298131720643086,0.0721827588862792,0.8519695156816027
6316,60.730769230769226,45.4784702,9.2323237,3.7762280000000006,Davide_Rigamonti,55,Deck,-0.9580950551823088,0.0483348945551596,-8.786348441635011,3.1166386687494074,8.962765701247342,47.32957351476802,1,-0.2769220744361647,-0.4316829400359248,-1.0872832615501948
6415,61.68269230769231,45.4784805,9.2323347,3.9317960000000007,Davide_Rigamonti,55,Deck,0.630811360717797,0.6218393034959957,-9.902420967841032,-4.3779535322394105,13.042108085503434,51.07560240315134,1,-0.0532832916616332,0.3854999615629412,0.3190900266615273
6510,62.596153846153854,45.4784842,9.2323487,3.733632,Davide_Rigamonti,55,Deck,-2.1687897763809936,1.8733590703963816,-12.147806398579874,-13.621209784407212,-0.7439985815186407,19.39798189238057,1,-0.2174019125591424,0.0064658411245963,-0.2519166022379924
6707,64.49038461538461,45.4784915,9.2323535,0.948224,Davide_Rigamonti,55,Deck,-0.8754297865977387,-0.2827771217509881,-9.848014350147434,-0.2860518791374296,1.8272297500899184,1.7811301004956208,1,0.0573870345707256,0.0208796035226169,-0.1372631577232681
6804,65.42307692307692,45.4784928,9.232352699999998,0.433368,Davide_Rigamonti,55,Deck,0.0127962840288997,0.2564481217364446,-9.807866909129793,-1.3063121911264015,2.1173483044787624,-0.5997752540387422,1,-0.0402381590149355,-0.0200597294603525,0.0236794079603051
6903,66.375,45.478493,9.2323483,0.19446,Davide_Rigamonti,55,Deck,-0.0315374954031826,0.4126991831340504,-9.804414296932755,-1.0080633459829964,1.8068123673307297,-0.4599927189597333,1,-0.0214283088907435,0.0166993277678539,-0.0086741932631557
7197,69.20192307692308,45.4784868,9.2323388,0.677832,Davide_Rigamonti,55,Deck,0.03950021354807,0.4524931054341051,-9.843327637088162,-1.7929278434889164,1.9539646960894368,-0.8120541977582798,1,-0.0043286598151734,0.0028591560803368,0.0087911348886517
7488,72.0,45.47848629999999,9.2323278,0.8259920000000001,Davide_Rigamonti,55,Deck,-0.035923356687658,0.3105192738324414,-9.867991194378886,0.8934815339703391,1.7741545131855003,-1.4424952001843012,1,0.004564768228203,-0.0305395410535516,0.0049194806078247
7684,73.88461538461539,45.4784895,9.232321699999998,0.062968,Davide_Rigamonti,55,Deck,0.0226388767582027,0.2170620045151667,-9.805131472897708,-1.7862317800241625,2.06797030853546,-0.728519471231432,1,0.0296962946578109,-0.0185356501124038,-0.0300270244553875
7878,75.75,45.4784943,9.2323172,0.524116,Davide_Rigamonti,55,Deck,0.0847082644952917,0.1943462801566156,-9.825631950025182,-1.538115199769833,2.020100929905388,-0.6064446046725012,1,0.0036381022252335,0.003003971716697,0.0104024755249554
7979,76.72115384615384,45.4784933,9.2323138,0.25928,Davide_Rigamonti,55,Deck,0.1981690312447246,0.2273715193553077,-9.806099226455029,-1.5397549295770552,2.102125697431441,-0.3608568140802655,1,-0.0198652170782527,-0.0041534003482801,0.0061175137086006
8172,78.57692307692308,45.4784872,9.2323375,5.241160000000002,Davide_Rigamonti,55,Deck,-1.0473837750347494,0.5772220842131213,-8.60510555694067,6.936055245252478,1.5986485215725446,-4.860408146834758,1,-0.1878344559491118,0.0425723376152357,-0.2343960026886229
8366,80.44230769230771,45.4784822,9.232391,7.513564,Davide_Rigamonti,55,Deck,0.4311488855277637,-0.9107661292824212,-13.246396158041003,-2.724527500267316,-0.7575657883156861,6.580437121934044,1,0.5631791428301031,-0.5452633483533003,-5.41904168561393
8464,81.38461538461539,45.4784825,9.2324252,9.548912,Davide_Rigamonti,55,Deck,1.6776366560549385,-0.8976693127846846,-9.898963472214367,3.1473098598482485,2.258433748739782,-17.07133953378279,1,0.0868269223454409,-0.3205414437723544,1.0483801682613445
8563,82.33653846153847,45.4784897,9.2324683,12.208384000000002,Davide_Rigamonti,55,Deck,1.6468877035246268,-0.5274355994301663,-9.843425714577046,-0.3959510053738042,4.010105125549426,-14.429404392771694,1,-0.5125534841797978,0.2928197063710953,1.9626464626446167
8660,83.26923076923076,45.4784943,9.232519300000002,14.280772,Davide_Rigamonti,55,Deck,0.8891142397336178,-0.5212544354926111,-10.081066026486198,-2.733849305011406,-0.9796984177412816,2.499816002088811,1,-0.6376578224166809,-0.2126503456175381,-2.6888831536932862
8759,84.22115384615384,45.478492,9.232595800000002,19.601568000000004,Davide_Rigamonti,55,Deck,-0.071385736390985,-0.4602617676434422,-12.710147173584517,-2.429052177702826,2.239080377434825,1.0920404377043589,1,-0.2784765699190793,0.1485362943588462,2.178616806129787
8857,85.16346153846153,45.478493,9.2326728,21.581356,Davide_Rigamonti,55,Deck,-0.473442111783332,-0.9017804045662628,-10.2963960155581,0.339511800297771,-0.2602435459709245,-5.092700263828089,1,-0.4098561025805684,-0.7899416460727272,-0.5751293021737265
8953,86.08653846153847,45.4784912,9.2327555,22.553656,Davide_Rigamonti,55,Deck,0.5844173620179565,-0.6895760546539764,-6.847078036929196,1.24741678850569,6.660448371646787,-1.1973462170315408,1,0.2381864843756312,-0.4286975716990677,1.4924209828327148
9052,87.03846153846153,45.4784977,9.232833,21.694328,Davide_Rigamonti,55,Deck,-0.9419995148389142,-1.6071632979135269,-10.735905878006513,1.116057531593,-0.9860490311311088,-0.7634009060907614,1,-0.2536274031507757,-0.3752329968578627,-1.0390080258362726
9249,88.93269230769229,45.4785015,9.2329843,20.449784,Davide_Rigamonti,55,Deck,-1.3952042597685734,0.9397685078755306,1.6819092116995034,-1.7483151828127603,-4.012331532862214,-1.0921009075222754,1,-2.3602019766098405,0.686661655089172,-1.7890182290226375
9443,90.79807692307692,45.4785073,9.2331232,18.581116,Davide_Rigamonti,55,Deck,0.9917670393044145,1.3205437941928408,-9.137162525130227,-2.258318436824116,5.900472473266702,21.60304259283174,1,0.0446797170198174,-0.0707197108659609,1.5262334665220558
9639,92.68269230769228,45.4784907,9.2332738,21.373932,Davide_Rigamonti,55,Deck,-1.1447199137932476,-0.8089994522276304,-10.765795565574296,7.155814324804712,-9.723157956962217,-5.501133207914748,1,4.426402101286004,-2.855547095509116,-0.6583630538478039
9836,94.57692307692308,45.47848,9.2334377,23.481508,Davide_Rigamonti,55,Deck,1.3583155370332656,-1.2897141896003963,-12.642625420714426,0.26163364378213,0.6343298295495421,-0.9359132806515876,1,0.8056741492763861,-0.9268740347466352,1.4362483523662597
9932,95.5,45.47848,9.233524,23.72412000000001,Davide_Rigamonti,55,Deck,-0.4991708869114126,0.8101925375146468,-9.53780711631352,8.596141207717643,-0.4049553940240438,-3.4299869721535843,1,0.194769201278,0.0180113332292064,0.7502252141117259
10030,96.44230769230772,45.4784777,9.2336087,24.079704000000003,Davide_Rigamonti,55,Deck,0.5761311659746711,-0.5152177601346299,-9.624246995939268,-7.083290877223723,2.602869033146072,9.767374035084458,1,0.0509612290702227,-0.6901347432616283,0.9540235244869316
10226,98.32692307692308,45.4784787,9.2337747,23.331496,Davide_Rigamonti,55,Deck,0.4754962278224393,0.1804381160788777,-9.425260190998404,-2.9898158600141187,2.2095367979816003,1.90982824746093,1,0.7133349941651369,-0.5788759104743182,-0.0106684724636636
10323,99.2596153846154,45.4784738,9.2338575,22.733300000000003,Davide_Rigamonti,55,Deck,-0.5787523750298404,0.176558369194883,-8.213631162778121,0.2856001025937567,3.4265432195873955,5.3092371803390295,1,0.0353838617270134,0.2433881903440812,0.1109293271778124
10519,101.14423076923076,45.4784585,9.2340073,20.064568000000005,Davide_Rigamonti,55,Deck,0.3371454432970622,0.7798294832409749,-6.832078223267724,5.693709323926242,7.630081934822456,-24.910423243358217,1,-0.329626894987951,2.150372177487462,2.977523772885488
10617,102.08653846153848,45.4784593,9.2340738,18.568152,Davide_Rigamonti,55,Deck,-0.2017232217602425,0.8532946004749308,-8.50409445384599,-1.7311916973640518,4.408087828239854,4.684414285478675,1,-0.1984609517304437,-0.2579430349484736,-0.0648944723119573
10713,103.0096153846154,45.4784567,9.2341342,16.403164000000004,Davide_Rigamonti,55,Deck,-1.7955224372153438,0.1236288550202762,-12.684121616141212,-4.944378544005209,-1.5924482510193083,-2.780427068149331,1,0.2454142995811079,-0.2368970386253548,-0.7248940380027271
10812,103.96153846153848,45.47846120000001,9.234184,14.369668,Davide_Rigamonti,55,Deck,-0.7159606780412626,1.7886354741851411,-8.57319894768139,5.353033679989736,1.6196126296777815,6.506701011665696,1,-0.1802327171881159,0.5175911072433428,1.0928035116540116
10909,104.89423076923076,45.4784562,9.2342252,10.850868,Davide_Rigamonti,55,Deck,-0.7795890014513953,0.0428842661701993,-7.921956618701517,-9.75660898577725,5.974125469048296,-1.9164231967754208,1,-0.1274563658174694,0.2109289407942751,1.7538842492336275
11008,105.84615384615384,45.47845529999999,9.234251,7.495044,Davide_Rigamonti,55,Deck,-1.4709255151818206,0.0838363531271199,-10.085039185994898,3.8006755747998016,3.470674992870933,38.14932416899796,1,-0.3057636980747438,-0.2871714392406607,0.193121818644645
11203,107.72115384615384,45.47846120000001,9.2342778,3.857716,Davide_Rigamonti,55,Deck,0.4150575509676737,-0.5510659473359445,-11.004741145411089,9.163872029055607,-6.380352741127454,-5.9752708587257874,1,-0.146167961095919,0.1208567716940735,-0.9448278317941272
11300,108.65384615384616,45.4784568,9.2342995,6.6449760000000015,Davide_Rigamonti,55,Deck,0.15878853490932,-1.8805035027277843,-10.277501926262175,9.537713343996112,5.671083494426185,37.01030012506321,1,-0.4563638452460901,-0.0197855140421188,-0.2333388635783695
11398,109.59615384615384,45.4784435,9.2343167,8.36178,Davide_Rigamonti,55,Deck,2.3602994626989733,0.0655946365816224,-9.026711273042825,0.1864485594890692,6.6749376455979545,24.228848570901192,1,0.1900728512567644,0.1288715155397844,0.6769532025163462
11496,110.53846153846152,45.47841870000001,9.2343218,13.254764000000002,Davide_Rigamonti,55,Deck,1.5616462442386234,-0.6458636536619614,-7.9218711880121555,-15.801334767089012,3.1756091094145846,10.417753786348548,1,-0.2716700255147626,0.0397803019202078,0.5899476381706696
11595,111.4903846153846,45.478386,9.2343232,17.210635999999994,Davide_Rigamonti,55,Deck,1.1105526611586234,0.1268833770516722,-9.543023013990718,2.713043666694764,10.99670863447404,0.1989336625202353,1,0.5933614654100399,0.2601732128981702,5.388408104988242
11789,113.35576923076924,45.4782968,9.234321,21.599876,Davide_Rigamonti,55,Deck,0.3312877570269213,1.7050236599592683,-10.181521996130565,-11.227692568325276,5.748856399232137,13.168734666159692,1,-0.102046040854485,0.1972551814298913,-1.2774485423780764
11983,115.22115384615384,45.47818400000001,9.2343228,23.694488000000003,Davide_Rigamonti,55,Deck,-0.4812847812091307,-0.3058422232379528,-11.426577836863244,-18.472949574430714,5.953022411675347,5.224315411754955,1,-0.1229203296039134,0.3336190488776176,3.2701369601295607
12081,116.16346153846152,45.4781307,9.2343287,22.670332,Davide_Rigamonti,55,Deck,-0.7141436899244242,0.3847862062906733,-8.464461087136163,-13.65197102745642,3.6429389836825647,6.80285972434896,1,-0.4905836166872943,0.2944889987953209,-0.0710005541417668
12180,117.1153846153846,45.478084,9.2343483,21.535056,Davide_Rigamonti,55,Deck,0.5712785300776337,-0.2907932850318064,-7.097759270841402,2.0766618489670923,2.7561702819721514,0.3023924333249015,1,-0.4226767055710287,0.294936428996004,0.2262106979138556
12276,118.03846153846152,45.4780277,9.2343558,22.887016,Davide_Rigamonti,55,Deck,0.3409824880255601,-1.0367824116531987,-9.675948459999796,-2.3873971443409268,0.4109617347482364,-5.105757350719489,1,0.4373555762535741,-0.3825428957168875,0.0011336947075868
12375,118.9903846153846,45.4779697,9.234356300000002,23.342608,Davide_Rigamonti,55,Deck,-0.7214149602850668,0.2936697028876409,-10.773235711771877,-3.454149276889541,2.2615721552764128,6.787277085921588,1,-0.1186729954731751,-0.3541240312365282,0.4732451134800026
12472,119.92307692307692,45.4779107,9.2343515,23.925988000000004,Davide_Rigamonti,55,Deck,0.2061223994718015,-0.1409650786246258,-9.662009157916732,1.9792460804433536,3.5434701647182103,1.4984398303758564,1,0.1977387951604435,-0.4421552193827183,0.4975329196034952
12572,120.8846153846154,45.4778523,9.2343505,23.942656,Davide_Rigamonti,55,Deck,-0.5055309099724956,-0.1890880218200096,-11.680070502288055,4.01683434389658,3.188804720234768,2.4248882184065943,1,-0.1307781975173245,-0.1952016920185363,-0.0244608608056093
12862,123.67307692307692,45.4776802,9.2343518,23.85376,Davide_Rigamonti,55,Deck,-0.2064963566432604,-0.1297857144193835,-9.496273843203834,0.0343312900676622,2.1428519316236594,1.3097583661002927,1,-0.4742290716783554,-0.1343860233048656,-0.5647979956629676
12963,124.64423076923076,45.47761929999999,9.2343463,24.355652,Davide_Rigamonti,55,Deck,-0.3984244598209436,0.2861890749200302,-6.977091777597437,-1.1498395706387257,2.777987400598207,-3.410515465726927,1,-0.3404091972065352,0.7779917061309358,0.5165294203154733
13059,125.56730769230772,45.4775587,9.234343199999998,24.689012,Davide_Rigamonti,55,Deck,-0.1124265034810372,-0.1919830756443853,-9.830696245772852,-0.4688000950235893,1.5560593375822849,-2.769220597662725,1,-0.6393650065787586,0.0410290257054437,0.3037479877717537
13255,127.45192307692308,45.4774402,9.2343427,24.009328000000004,Davide_Rigamonti,55,Deck,0.4841392400395664,-0.2405000759825275,-8.205910395883924,7.44710505972024,3.7616217531121694,-3.1125912773287765,1,-0.5355155826388505,0.2265269816296697,-0.0170731741295924
13449,129.31730769230768,45.4773203,9.2343398,24.20378800000001,Davide_Rigamonti,55,Deck,-1.0217130803303724,-0.5312758573706101,-10.788473978226438,-3.840746646185852,2.688296722893248,-0.2215361124187458,1,-0.3192896925543518,0.0114872301735896,-1.398218590335171
13547,130.25961538461542,45.4772625,9.2343403,23.259268,Davide_Rigamonti,55,Deck,-0.9627478613660172,-0.1567555528670722,-9.65730638668774,4.277815710152787,3.128668661770333,-6.329015096307111,1,-0.0480918448042495,-0.1828056128531514,-0.726770437345019
13646,131.21153846153842,45.4772133,9.2343457,21.41838,Davide_Rigamonti,55,Deck,-0.4141251233060253,-0.8957272159683609,-10.275306486876984,-0.9044226415969624,3.4460340557171434,-0.4852475702778891,1,-0.0018566551607044,-0.6622314785655782,0.8251222643720411
13743,132.14423076923077,45.47716550000001,9.234346,19.77936,Davide_Rigamonti,55,Deck,-0.5362206187879677,0.1620281330741558,-10.281756428617957,-2.9467298773347625,2.373582749122793,19.114887160522343,1,0.5557584539639275,-0.535680836798281,0.086371751380696
13840,133.0769230769231,45.4771213,9.2343312,18.244052000000003,Davide_Rigamonti,55,Deck,-1.239642140339268,0.7227580092467243,0.2836630933264819,-2.9917161436823627,-7.487900449757418,8.217522800924346,1,-0.6397569762271846,0.1197767315637585,5.634956456673168
13940,134.03846153846158,45.4770842,9.2343082,17.795868000000006,Davide_Rigamonti,55,Deck,-0.6170246050817916,-2.2816126469547457,-9.76926847351508,-0.5972271103221729,2.0459002073401003,11.510835770235126,1,-0.6913678552464256,-0.4617550797304317,-2.220626189784813
14036,134.96153846153842,45.4770533,9.2342727,18.188492,Davide_Rigamonti,55,Deck,1.2263438850177308,0.6164840262360411,-12.088839763156116,3.1686802882245284,4.987526354890684,18.18531783086441,1,-0.1645797890981457,-0.0330213940007604,-1.5529278775156357
14134,135.90384615384616,45.4770255,9.2342213,19.118196,Davide_Rigamonti,55,Deck,0.8945153153248862,-1.111502711299862,-8.336216957005494,-3.916528038689536,6.5482800147125175,12.034828490675604,1,0.0718993645051726,0.3055311784896473,0.6901297347589335
14230,136.8269230769231,45.477008700000006,9.2341525,20.081236,Davide_Rigamonti,55,Deck,0.0881547223116659,-0.7774170764739243,-8.099346596612838,-3.4055753280311887,-1.9820228475368509,1.8983724594308395,1,0.6217323444119917,-0.4355590857329189,1.9339346593679227
14331,137.7980769230769,45.4770003,9.2340738,21.14984,Davide_Rigamonti,55,Deck,0.0651039191852373,-0.8770862774070719,-8.569290081319481,1.4362485633952968,2.6655248294877305,-2.7354215430495503,1,-0.0260176740642724,0.0339481758860404,0.1196808119403662
14523,139.64423076923077,45.4769975,9.233906,23.190744,Davide_Rigamonti,55,Deck,-0.6718336893918135,-0.033404069659456,-9.698965971705077,5.089658438565195,-1.5165495818336696,-5.522067353017605,1,0.1021560630740021,0.2629923419093546,0.2956509944883763
14622,140.59615384615384,45.4769982,9.2338205,23.411132,Davide_Rigamonti,55,Deck,-1.2220302889409496,-0.8102669904419212,-10.04120170542642,-3.880392978551368,-4.966548262963136,-4.362737124079641,1,-0.9794706951216272,-0.1718641232448923,-3.631023071623388
14719,141.52884615384616,45.477002,9.2337408,22.3629,Davide_Rigamonti,55,Deck,0.0770285050902808,-0.2443820126136357,-9.209536225429073,-2.37994822777746,2.4653888180861685,-2.1764378984611983,1,-0.1187636507194747,0.0966002182332143,0.7288031515126931
14814,142.44230769230768,45.4770012,9.233658300000002,22.651812,Davide_Rigamonti,55,Deck,0.1561982342517565,0.7389483447339392,-10.394392847587818,-3.639787955850884,3.546939791555643,6.8219919817744925,1,-0.1553524926985193,0.0156021521822152,-0.8938686512063203
14915,143.41346153846158,45.4769968,9.233572,23.42224400000001,Davide_Rigamonti,55,Deck,-0.3116873078303219,0.8966355115125781,-10.4809881714429,7.029266320400745,0.8803362922322249,6.822095346028598,1,-0.1375768678318165,-0.1984524970313017,0.2494428889251647
15399,148.06730769230768,45.4769957,9.2331643,22.068432,Davide_Rigamonti,55,Deck,-0.1969385901942712,0.1814951573427004,-6.759610021559678,-0.4039420621653762,1.4140704821137096,-0.8386153858795895,1,0.6788208496759711,-0.2022952372536155,2.5897465247256157
15496,149.0,45.476991,9.2330828,22.274004,Davide_Rigamonti,55,Deck,-0.1650857087398124,-0.5182857828545993,-10.488099991648491,-1.6420091471882368,2.7667583772799857,-2.2628666764527336,1,-0.2673842550033654,-0.3640290883567297,-0.0701679638087178
15788,151.80769230769232,45.4769953,9.2328547,20.623872,Davide_Rigamonti,55,Deck,0.1721249066322971,0.3943281293412379,-10.590274758848889,-4.585310517157851,1.2851724321193654,6.154481548490398,1,0.1681715748776932,0.1868773952629874,0.7422759296543457
15886,152.75,45.477003,9.2327773,20.910932,Davide_Rigamonti,55,Deck,-0.574629731771525,-0.4425170664899248,-11.122999784829869,-6.8062037402678826,2.4793921037431343,-0.9847754055704164,1,0.0119461564668141,0.0102870939471441,1.1319794421332858
15981,153.66346153846158,45.476995,9.2327038,20.051604,Davide_Rigamonti,55,Deck,0.2619738443924398,-0.3504149075347616,-11.195214548797544,-0.6453660448207486,-0.2531404062353468,-7.353051716514803,1,-0.4130004439738428,0.0756060024403582,-0.7131749964149563
16081,154.625,45.47699779999999,9.2326208,21.542464,Davide_Rigamonti,55,Deck,0.8835838829723479,0.0845822378751121,-7.327066457731421,-2.456871713288445,2.864914874926385,-0.3831176217525751,1,-0.0348927399986881,-0.1211388509965326,0.6501588721927201
16177,155.5480769230769,45.4769945,9.2325418,21.407268,Davide_Rigamonti,55,Deck,0.3287535053040484,0.8323169467478153,-11.287996186441374,5.910948123611629,5.922707272240567,0.9573452638442674,1,0.7551406395419435,0.4070216584705699,4.592222041095333
16370,157.40384615384616,45.47700250000001,9.232376,21.972128,Davide_Rigamonti,55,Deck,-0.284798685895381,0.235117984781745,-10.754428986841836,-0.7491264956793341,0.6666005545696807,-3.0652081320065143,1,0.3266285151338961,-0.042673005045848,0.3260622648502469
16468,158.34615384615384,45.4769988,9.232291,22.216592,Davide_Rigamonti,55,Deck,-0.2336846101361222,-0.1691175583473904,-10.331267121058325,1.6571814005808485,0.6958326308181975,-1.8042352266916768,1,-0.0106712900641525,0.2069998932829851,-1.1748216728624958
16564,159.26923076923077,45.477012,9.232221699999998,20.67758,Davide_Rigamonti,55,Deck,1.0364446851893094,0.1310325446788321,-11.472154646424336,-6.347187762490967,4.828133782579999,2.726086116827932,1,0.1601707299980332,-0.1149508447850544,0.3034429827107985
16662,160.21153846153842,45.47701370000001,9.2321362,22.222148,Davide_Rigamonti,55,Deck,-0.5327923377305426,-0.1032998650270811,-11.803130401300283,6.723749137536899,-3.126218101747525,-3.8716773411150895,1,0.129822941133775,0.293575794736522,-1.316016908536163
16855,162.06730769230768,45.47702570000001,9.2319765,21.310964,Davide_Rigamonti,55,Deck,-0.6796879351623709,0.1243331176136058,-11.275058267490811,3.9963413370304326,-2.1307642526781034,-5.2896467493334125,1,0.1310924138724819,0.3147124124674215,-0.8603087894009835
16953,163.00961538461542,45.4770302,9.2318903,22.251780000000004,Davide_Rigamonti,55,Deck,0.0657335942830921,-0.112512038524059,-10.360721181886174,-3.819007036174721,3.659731982261088,-0.6930471604750839,1,-0.1778853223126588,0.1420488418366544,-0.2597302102011127
17048,163.9230769230769,45.4770297,9.2318077,21.731368000000003,Davide_Rigamonti,55,Deck,-0.2788849635447196,0.2947793460556329,-10.337103183089514,-2.828583458396285,-0.4473888534755872,2.595430880917582,1,0.6748387092959596,0.1809004525359364,-0.000431704396691
17146,164.86538461538458,45.4770377,9.2317242,22.194368000000004,Davide_Rigamonti,55,Deck,-0.1977945364981703,-0.3374794965489737,-10.625233454704713,-9.038984288905702,0.3366604391306893,5.360104178972912,1,-0.2142839811024914,-0.0352265978359346,-0.8459267432312725
17244,165.80769230769232,45.4770385,9.2316373,21.886936,Davide_Rigamonti,55,Deck,0.1110898424721985,-0.2370243726706153,-10.417011882741589,3.1717779357062383,0.1433536958055237,-2.2955578343753213,1,0.0626847623120141,-0.2435664727981186,-0.5320498379762579
17340,166.73076923076923,45.477047,9.2315605,21.123912,Davide_Rigamonti,55,Deck,0.0355477435774801,-0.0396365262710132,-9.67245384031657,-4.176149280016252,0.6515979253774802,2.485657927057148,1,-0.0350067197447934,0.0231233551925348,-0.1279886259121117
17437,167.66346153846158,45.4770443,9.2314702,22.244372,Davide_Rigamonti,55,Deck,-1.0777701106102644,0.0232974290976995,-10.38566522229951,-4.454079204539702,-2.207721625913888,-3.6022189674453395,1,0.1745674926936087,0.3215406188883465,-0.6216698647463534
17534,168.59615384615384,45.477048,9.2313838,22.14066,Davide_Rigamonti,55,Deck,-0.8560324102471382,0.1470301828746013,-10.77624389802811,-11.1667434382715,1.532849769746243,5.222700840789852,1,-0.4208738731816895,-0.0210237103727757,-1.416286150385094
17633,169.5480769230769,45.477042,9.2312938,23.12222,Davide_Rigamonti,55,Deck,0.2780129919944961,0.1492378648861468,-9.70621068988056,12.149014946086226,0.5260827356966784,-5.339922390518987,1,0.1342570514679165,0.1316275254790364,0.9392187468976712
17731,170.49038461538458,45.4770395,9.2312013,23.596332,Davide_Rigamonti,55,Deck,0.1080695381269198,-0.3697844373707239,-10.547816143617966,-6.392943371453539,2.6956383528695484,-0.3759000972331617,1,-0.0304556875369376,-0.0200992471725839,-0.6816211285077021
17924,172.34615384615384,45.4770253,9.2310073,23.790792,Davide_Rigamonti,55,Deck,0.1127258904663838,-0.2803650318531698,-9.850880171316438,-2.9045000925807374,1.5172462375648128,2.266808000359938,1,0.2817430085322489,-0.295285007459742,0.2199584006751252
18022,173.28846153846158,45.4770198,9.2309103,23.666708000000003,Davide_Rigamonti,55,Deck,0.5123692995166953,0.3225763381715241,-8.814165784897027,5.3880936121222005,2.7097026341009425,0.2218241293517131,1,0.1145030089331754,0.2896110038400936,-0.4073350984892823
18118,174.21153846153842,45.4770167,9.2308133,23.50188,Davide_Rigamonti,55,Deck,-0.4288999989506677,-0.5239513771265529,-9.442181390227688,-7.6112821034605185,3.851942346677407,-3.2182256640248053,1,0.3406764277844613,-0.4638343397957772,1.0846065416570363
18410,177.01923076923077,45.4770155,9.2305642,19.368216,Davide_Rigamonti,55,Deck,-1.1725559397940222,-0.3819314290786072,-10.956615443803864,-11.23324947428034,2.867609683644774,9.037823159436714,1,-0.2455525207425404,-0.7911673742912515,-0.627775162104875
18704,179.84615384615384,45.4770068,9.2303992,10.05636,Davide_Rigamonti,55,Deck,-0.4262680734726109,0.075865452715475,-9.673918908681133,-6.8343749396420765,2.5964395463012453,1.3415558605842488,1,0.0668460939629927,-0.1611094375276635,-0.2222966828061512
18901,181.74038461538456,45.4770055,9.2303353,5.265236,Davide_Rigamonti,55,Deck,0.009150806093978,-0.1187734013701754,-9.887589971704529,-1.7909279450086024,-0.5080383603736562,0.1830533980653133,1,0.2196452712541005,0.0544208984460765,0.4534231642554687
18999,182.6826923076923,45.4770037,9.2303192,3.996616,Davide_Rigamonti,55,Deck,0.1323575646797554,0.4854650203526584,-10.001789818122235,-2.971049345354082,2.5350957102916816,13.036632311693705,1,0.0573674430498187,0.036184222081461,-0.1233813864928734
19194,184.5576923076923,45.477004,9.2302783,3.942908,Davide_Rigamonti,55,Deck,-0.3358883991401774,0.2931840387770097,-9.65165725856046,-4.408537021240981,1.961438411603224,-6.844356349144008,1,0.0039920914740533,0.0825835228632711,0.2516106437977914
19389,186.4326923076923,45.4769977,9.2302442,3.0928400000000003,Davide_Rigamonti,55,Deck,-0.3625236466324021,0.2796456790741234,-10.123354421034865,-3.606210241932395,2.4445924138407777,0.1798192518758385,1,-0.0817200638893166,-0.0007993880545165,-0.0922532378273786
19684,189.2692307692308,45.476998,9.2302302,0.1500119999999999,Davide_Rigamonti,55,Deck,-0.0211780315277818,0.8484447230472021,-9.814482352453751,-3.5361114699720484,2.193826381223764,-0.1822461937692177,1,-0.0172511861211569,0.0050492765323236,-0.0341810610953317
20076,193.0384615384616,45.4769928,9.2302075,0.040744,Davide_Rigamonti,55,Deck,0.0747807309995369,1.1712001165726094,-9.820955212229563,-2.057116552599251,2.086848595619012,-0.5542700725829812,1,0.0010921789063587,-0.0138029766392477,-0.0088523059462612
20759,199.60576923076923,45.4769925,9.2301885,0.118528,Davide_Rigamonti,55,Deck,0.0935779706381418,1.1900347326583176,-9.81867969628348,-0.2789775864687462,1.8907970316682168,-0.5772732013707325,1,-0.0065895402391567,0.014598123129353,-0.0102779471700564
21243,204.25961538461544,45.4769992,9.2301698,1.168612,Davide_Rigamonti,55,Deck,2.7288809528075886,0.7611245593440831,-9.689753475659098,10.199585686437214,0.7649518521454217,2.513926699050999,1,-0.0629762773006339,-0.0685048563519643,0.028667566156928
21438,206.13461538461544,45.4769998,9.230121,9.706332000000002,Davide_Rigamonti,55,Deck,1.416326404503071,-0.358204268706252,-9.528602264399202,4.5805731218132415,0.6469543480120379,3.247899248572895,1,0.0148658149353557,0.0615751773003034,-0.7187391328381736
21828,209.88461538461544,45.476978,9.2298682,21.625804,Davide_Rigamonti,55,Deck,-0.2300383528982453,0.2379523911514167,-10.024054177672074,-3.052059007357744,2.6473586476017186,7.447593359555656,1,0.406126618087242,-0.0690330680386593,0.4961093998851887
21923,210.7980769230769,45.476975,9.2297962,19.957152,Davide_Rigamonti,55,Deck,0.3405464360754484,-0.9566678357346644,-8.658228215457344,1.916639566376206,2.352759018174459,-5.741379607149278,1,0.0178838632150184,0.1268600924910125,0.8771686148378404
22021,211.74038461538456,45.4769762,9.2297232,20.542384,Davide_Rigamonti,55,Deck,-0.1720738451881084,-0.0084048456877137,-9.724480038800912,-23.25646539334577,5.249200594171802,15.718285359364693,1,0.1407306174639807,-0.3953223511719185,0.0682033618213271
22215,213.60576923076923,45.4769857,9.2295952,16.832828000000006,Davide_Rigamonti,55,Deck,0.4074938270584296,-0.0495509240166279,-5.965634271399045,3.1651515156112464,3.2308758789354988,0.2515964843495508,1,-0.1659118464106199,-0.2033302001986597,2.160027409687224
22313,214.5480769230769,45.4769797,9.2295202,20.688692,Davide_Rigamonti,55,Deck,0.1409081972360739,-0.5613767075141523,-10.563474319477695,-1.6999511704924737,1.8217078013552943,-4.672235345128887,1,0.0161584567769264,-0.0420888859251606,-0.2487439848441948
22410,215.48076923076923,45.4769765,9.229435699999998,22.703668,Davide_Rigamonti,55,Deck,0.4003651305771598,-0.5957217514389196,-10.474753190619705,-2.439673625325653,1.8283555832107128,-4.175558222708831,1,0.0903856581439531,0.1292969676789598,-0.9145782455354236
22506,216.40384615384616,45.4769775,9.2293548,22.111028,Davide_Rigamonti,55,Deck,0.3960680567936904,0.6244385637132437,-9.535921210479891,-6.64121029151641,4.205344473072555,10.295307688123277,1,0.1623535406873945,0.1722561231640741,0.4344530775644042
22604,217.34615384615384,45.476974,9.229266,23.868576,Davide_Rigamonti,55,Deck,0.133438796660046,-0.0622518540838318,-9.654441803488451,-0.7825058975030679,3.1113497993984955,-3.1424358308251183,1,0.1869040692293967,-0.1543232229090446,0.8682746769778653
22799,219.22115384615384,45.4769763,9.2290942,24.05748,Davide_Rigamonti,55,Deck,-0.1133568235714867,-0.1237625424855962,-9.885213438446776,-0.5522703551043224,3.175688291222952,-6.190733039821812,1,-0.0367118419078653,0.2409028462521897,-0.8925323255199924
22897,220.1634615384616,45.4769688,9.2290188,19.808992,Davide_Rigamonti,55,Deck,0.0692478686667451,0.8858024526514761,-9.922271038185649,-2.30783928652915,2.52489917356952,6.768159164553128,1,-0.0572394946373375,-0.0071715053595244,-0.4135786094937135
22996,221.11538461538456,45.4769652,9.22894,21.929532,Davide_Rigamonti,55,Deck,0.4321970351416944,-0.027660894646597,-9.684185936785756,-0.3727043319992829,2.1744248443638114,4.699178282041847,1,0.1250661572454733,-0.3220919665176996,0.2753579919894076
23093,222.0480769230769,45.4769733,9.2288673,19.514524,Davide_Rigamonti,55,Deck,-0.6791614249393569,-0.789636058268356,-11.318425656655116,-5.036809158794087,-0.0537790328156511,-4.623024162542273,1,-0.0963901116703584,0.0348867307002235,-1.1689879877793423
23193,223.00961538461544,45.4769703,9.228779199999998,22.192516,Davide_Rigamonti,55,Deck,0.6184965283049891,-0.2041868868492568,-10.748412704175204,1.0101529763152377,3.2189261290388806,-3.7672671134967626,1,0.4031974024170346,-0.1184824447943553,-0.258303242728223
23291,223.9519230769231,45.4769738,9.2287052,20.401632,Davide_Rigamonti,55,Deck,0.0624062670188032,1.002877528527079,-9.721856842511936,-10.364686054712273,6.309231745530764,13.935759097494069,1,-0.2688051910206513,-0.1797155165282662,1.4792220016465958
23389,224.8942307692308,45.4769735,9.228620199999998,21.033164000000006,Davide_Rigamonti,55,Deck,0.0374993104584649,-0.6299952000026212,-9.324252593690847,2.195994370979593,1.7371423772409766,-9.912577621191758,1,-0.0344141815247925,0.1280272376961121,0.4737288599774736
23486,225.8269230769231,45.4769722,9.228534,23.28704800000001,Davide_Rigamonti,55,Deck,0.1015931117141024,0.3863052033520949,-10.088521019841018,1.4314843387464786,2.786394018805624,6.838641647955764,1,0.1987795726114707,0.0768502954143548,-0.0121424849598383
23584,226.7692307692308,45.4769633,9.2284405,23.577812,Davide_Rigamonti,55,Deck,0.0476703491032286,-0.2558764920310831,-9.68832114776493,-0.3335607355850483,1.8466803563206944,-4.4209528779008025,1,0.3133356007780155,-0.151490648643773,-0.3027186466450757
23683,227.72115384615384,45.476963700000006,9.228356,23.111108,Davide_Rigamonti,55,Deck,-0.4437823605931131,-0.0626562789423024,-9.922260649129274,-8.914536997597345,1.6942357536223374,5.721701985678476,1,-0.143439696420788,0.1156616195026119,-0.1904924801459948
23976,230.5384615384616,45.4769592,9.2280955,23.424096,Davide_Rigamonti,55,Deck,0.0035751269444708,-0.312479276392587,-10.55396792225808,-4.562769973632989,2.6796538674663166,-2.163073624620332,1,-0.4143732178497701,-0.1070251538175594,-0.7882595462243405
24170,232.40384615384616,45.47695820000001,9.2279297,23.107404,Davide_Rigamonti,55,Deck,0.2812237000864385,-0.4394358225398745,-10.863876844047711,-0.6528454963201811,3.418071443689662,-1.2829037165150714,1,0.1301271379649223,0.137263003024627,-1.322066489579495
24268,233.34615384615384,45.4769617,9.227852699999998,21.755444,Davide_Rigamonti,55,Deck,-0.3770999041795366,-0.3309185575764937,-9.030162128798416,5.69231120067878,0.0753054197179885,-4.478700890372706,1,-0.2753514790821409,0.0330878234010602,0.1785478371534381
24463,235.22115384615384,45.476955,9.2276853,22.27956,Davide_Rigamonti,55,Deck,-0.486440296315024,0.2278154474828903,-10.181396983479171,-1.2319852336345325,2.4123044349024885,-1.4908750413909324,1,-0.1440273390793601,0.3429633865210126,-1.3098210914109192
24558,236.13461538461544,45.4769545,9.227604199999998,21.023904,Davide_Rigamonti,55,Deck,-0.3359877954375988,-0.5841119639255458,-10.422622569327377,1.33608087178049,3.4063456135021566,-2.399565502962328,1,0.0691468548532643,-0.2173883190994908,-1.115536694249359
24656,237.0769230769231,45.47695,9.2275148,23.57410800000001,Davide_Rigamonti,55,Deck,-0.8250747094207759,-0.7131129100957263,-9.794730151303558,-7.318559325705831,0.527033645380528,-2.890928437014141,1,-0.3480046322271149,-0.2618375168684064,0.6971033609802824
24754,238.0192307692308,45.4769425,9.227436,20.616464,Davide_Rigamonti,55,Deck,0.5859291073759401,-0.6741990214892403,-9.194361689731885,-7.026589466720242,5.7834666120094855,-1.3673624458798723,1,0.2828595374593289,-0.1279907760365983,0.5534207076897015
24850,238.9423076923077,45.4769388,9.2273755,15.753112000000002,Davide_Rigamonti,55,Deck,-0.0227534478965089,0.4108123257550508,-9.292143192532752,0.2991711923836746,3.860128426584109,6.6416439618458805,1,-0.2450790651634289,-0.452407299373313,1.397279328551516
24947,239.875,45.4769477,9.2273385,9.950796,Davide_Rigamonti,55,Deck,-0.0427564785990653,-0.2376126762816403,-10.017188081136696,10.170171572369672,2.2243287160847065,-2.045163459120592,1,0.0414217676199221,-0.0277751960218445,-0.2887706724004282
25046,240.8269230769231,45.4769477,9.227279199999998,14.286328,Davide_Rigamonti,55,Deck,-0.8178159108983747,0.274376459347786,-9.531468550025265,6.930155849461893,8.411061243138107,26.79332986026989,1,-0.0646206354997365,0.0950973183485622,-0.1114002481543554
25143,241.75961538461544,45.4769572,9.2272258,14.104832000000002,Davide_Rigamonti,55,Deck,-0.3984452136946385,0.5631515336075028,-9.87342790213336,-9.86539446962593,16.394878110154625,36.124959085882175,1,-0.0822049846311704,-0.1781284016236437,0.4490433215628276
25241,242.7019230769231,45.4769695,9.2271775,12.375064000000002,Davide_Rigamonti,55,Deck,0.6878128233441467,-0.3569620586417191,-9.939384939895834,5.648455305414868,-5.629893917866558,24.95421826783461,1,0.9843267093035828,-0.2537050916609662,1.7717154264090669
25336,243.61538461538456,45.4769963,9.2271422,16.577251999999998,Davide_Rigamonti,55,Deck,1.203766225123102,0.0110115817403862,-8.106423438483722,-11.765571938656414,13.486454386157536,19.432418085920705,1,0.4957527758330789,0.1258894935124559,0.7657202610626452
25435,244.5673076923077,45.477037,9.2271287,18.181084,Davide_Rigamonti,55,Deck,0.1712303580344903,-1.93839872349056,-9.076558493104235,-2.3661959525499863,-3.880852393158841,-10.05764073434282,1,-0.0307705023376795,-0.0137505939384239,-0.3092440618937946
25530,245.48076923076923,45.4770943,9.2271265,22.768488,Davide_Rigamonti,55,Deck,1.2247926180240791,0.2054561245736205,-11.779665114132095,5.137125644835916,9.87483747406625,-3.0981198266985994,1,0.1495611121809033,0.6079193944845576,-0.5454324696645241
25628,246.4230769230769,45.4771405,9.2271215,18.660752,Davide_Rigamonti,55,Deck,-0.2723712502238322,-0.4708624266863911,-12.40861378146134,14.329552761699851,-0.6289754365238691,-19.09096642398945,1,0.0379414875099027,0.4189116017585565,-0.9068857193014672
25726,247.36538461538456,45.4771958,9.227126,21.181324000000004,Davide_Rigamonti,55,Deck,0.0988383091881958,-1.3522029781909388,-10.116816178343043,-6.620048328935248,-5.280224756392654,-7.703726369561392,1,0.1847298279896962,-0.7610269598065029,-3.94192317747294
25822,248.2884615384616,45.4772462,9.22712,21.74988800000001,Davide_Rigamonti,55,Deck,0.6923250090224198,-0.7875019049139378,-16.469882363424798,1.722308200411422,2.876521083905798,-9.32367116532777,1,0.8801900954812363,0.9533550064353103,-0.8308366401026834
25920,249.23076923076923,45.47730720000001,9.2271195,23.935248000000005,Davide_Rigamonti,55,Deck,0.0812367756443618,0.1473397993155958,-11.48977555419403,1.9946225930485235,0.3606575670798122,-1.5947567244988008,1,1.4662478514483888,0.0267169350444314,2.906115108756685
26015,250.1442307692308,45.47736629999999,9.2271168,22.924056,Davide_Rigamonti,55,Deck,0.4300155699591842,-0.0987479803189837,-9.804374082242,-8.890696680222865,7.103812199235746,10.949737412966002,1,0.0079982432989568,-0.5937141094663692,-0.8756932952243588
26113,251.0865384615384,45.47742,9.227107,21.183176,Davide_Rigamonti,55,Deck,-0.0506268699362587,-1.0358495760796576,-10.814640065662804,11.002316605651364,-1.8828672635474035,-16.662929512071678,1,0.0533582563321505,-0.0067884772635171,0.2481545122321105
26211,252.02884615384616,45.4774798,9.227101800000002,23.950064,Davide_Rigamonti,55,Deck,-0.8444191602038806,-0.7594596967893048,-12.912407326745464,-5.355352397011008,-0.2362720061820767,6.862723893556724,1,-0.8054000188621672,-0.7219609142350143,-5.559535159883868
26500,254.8076923076923,45.477655,9.2270987,23.0574,Davide_Rigamonti,55,Deck,-0.6986290412401606,2.546824983929453,-12.179442831650364,-30.394734180975338,11.033364004950066,7.840538659561635,1,-0.462391197770233,-0.0900320888137389,-2.527429529996762
26598,255.75,45.4777078,9.227073,23.101848,Davide_Rigamonti,55,Deck,0.8088998398473921,0.7649464562757298,-7.730014202146615,11.226926946484756,1.7632868674637991,-9.469169807748145,1,0.4834908405910386,0.5289921877756995,0.8702546827514741
26697,256.7019230769231,45.4777633,9.227035,23.788940000000004,Davide_Rigamonti,55,Deck,0.6270452253275691,0.0958483590843012,-8.256468299836918,-3.524969169834767,5.942759035143277,10.399992441520189,1,-0.4970660071233937,-0.4085626233116403,3.148421242020726
26794,257.63461538461536,45.47781970000001,9.227001800000002,24.268608000000004,Davide_Rigamonti,55,Deck,-1.6984844980703069,-0.268424671345745,-0.8478367349641305,11.256498626499624,-2.8690806190310374,0.5188293666400803,1,-0.3232001292108661,1.1910904223521102,10.084099700010777
26890,258.5576923076923,45.477874,9.2269818,21.95546,Davide_Rigamonti,55,Deck,1.6501871226803275,-1.0821768818702613,-8.928879631655564,-22.72950159903547,14.955020198063348,-0.2103274802035821,1,1.7961242513446585,0.5958289986474876,2.08013914480696
27085,260.4326923076923,45.4779648,9.22694,17.462508,Davide_Rigamonti,55,Deck,0.6587471881029849,0.3744973594540071,-9.729822397159715,0.0467359655489558,3.228947068436125,2.741415800203681,1,0.1527509939078245,-0.5341283528743558,1.7612417845391697
27182,261.36538461538464,45.4780107,9.2269297,18.692236,Davide_Rigamonti,55,Deck,0.9961156542676128,-1.1891018253258738,-11.285509814726696,8.173381117145173,0.2189758508405495,2.8581720713210688,1,0.1117950905789142,-0.2679564173855808,-1.1152876481683602
27280,262.3076923076923,45.4780618,9.2269215,21.229476,Davide_Rigamonti,55,Deck,0.0016450563846095,0.5860572038886331,-9.697676969287608,-5.935888174911423,3.2199066177382187,18.379829696684304,1,-0.1479321963826293,-0.2109365273617037,-0.0252276872001875
27376,263.2307692307692,45.47811779999999,9.2269192,22.735152,Davide_Rigamonti,55,Deck,0.1446089610018943,-0.2243866092684013,-9.15067133754526,5.730874943063707,6.792357714363692,7.095534765044418,1,-0.2276711832890683,0.1737724451785224,-1.191969346101712
27474,264.1730769230769,45.47817620000001,9.2269267,23.809312,Davide_Rigamonti,55,Deck,0.6782670780721145,0.8065460836553718,-4.556394946053344,0.1305706081728033,6.466567587890812,6.861100576228691,1,-0.2810114956555395,0.4603689471680435,1.468390960791038
27569,265.08653846153845,45.47823070000001,9.2269443,23.314828,Davide_Rigamonti,55,Deck,-0.003144269079153,0.5805053068897154,-3.8563184238534016,-9.047514365209748,4.254452737408043,9.23076703913334,1,0.7884052337349226,0.076446356519934,4.11197404657719
27667,266.02884615384613,45.478281,9.2269728,23.392612,Davide_Rigamonti,55,Deck,-6.547814001478917,0.1702078792051484,-14.54905413857638,-8.072749359741948,13.9518953225609,5.630931262941048,1,-1.4999097619044657,-0.04867548868876,-5.427488079032087
27765,266.97115384615387,45.4783308,9.2270082,21.886936,Davide_Rigamonti,55,Deck,-0.0345081273717835,0.2999989024642103,-11.027156810405575,-3.7323447361334816,-0.0175162847708194,-1.8450989983271693,1,0.0601749480642617,0.5794383036610727,-3.054232758234916
27958,268.8269230769231,45.4784193,9.227067300000002,17.401392,Davide_Rigamonti,55,Deck,-0.4467601206610054,-2.7180874114187508,-8.653051931007779,-4.496712298252112,2.4858602398878804,-32.26935552123641,1,0.7986877873097222,-0.5508746187469629,-1.1265063855450324
28346,272.5576923076923,45.47860670000001,9.2270515,21.609136,Davide_Rigamonti,55,Deck,-0.5126239757504722,0.7871040842519649,-12.14271772999908,-0.1265516544587939,-1.72153103132763,6.1485770948552485,1,-0.2452743601930092,0.2342359515545721,-1.2178941264147056
28539,274.41346153846155,45.4787268,9.2270385,23.624112,Davide_Rigamonti,55,Deck,0.3482930531121613,-0.124920439783799,-11.00113484560512,-0.3293219090001096,1.5480638661122348,10.592551378095372,1,0.5028055574880939,-0.1398375740519839,1.5668878313692185
28833,277.24038461538464,45.478908200000006,9.227034,21.69618,Davide_Rigamonti,55,Deck,-1.984369192474417,-2.7685123496761,-12.429865939691911,17.916511973581517,-10.559405127404393,-14.610180386835392,1,-0.4390811762020308,-1.0915871738672716,-3.6471266033483793
28931,278.1826923076923,45.4789638,9.2270385,21.87026800000001,Davide_Rigamonti,55,Deck,-0.6616046678191032,0.5376703986630357,-11.51579792913234,6.097269480711793,1.2916016172894742,-16.165428191730893,1,0.7770926940288196,0.6783607259451767,0.5696583017092056
29026,279.09615384615387,45.47901029999999,9.2270368,17.401392,Davide_Rigamonti,55,Deck,0.4037466694825748,0.0094311394541521,-12.056037068291662,-7.067508527237997,6.230697673022617,-3.0354751139906595,1,-0.932398067727378,-0.3221995570447681,-2.3084837504324813
29124,280.03846153846155,45.4790423,9.2270207,12.93622,Davide_Rigamonti,55,Deck,-1.4930230911773843,1.0105061514942553,-11.377536207960114,1.3124938190728206,-0.9482416732303056,-2.44857396124232,1,-0.2840960580096441,-0.2910815773198172,-2.0301769244007186
29222,280.9807692307692,45.47907070000001,9.2270088,11.082368,Davide_Rigamonti,55,Deck,-0.9962506951774311,0.1527282685646334,-8.868466019011027,3.0386641336932043,2.9455354300414145,13.346194718332509,1,-0.064262551682436,0.3889715321608328,1.7577393931791292
29318,281.90384615384613,45.47909420000001,9.2270067,9.358156,Davide_Rigamonti,55,Deck,0.9231058692178368,-0.4152175629298019,-9.894992287765357,4.821660394323157,15.108830768916226,19.755512785307783,1,0.3906944584790269,0.2468095682683042,2.4612139820852232
29415,282.83653846153845,45.4791183,9.227018,9.789672,Davide_Rigamonti,55,Deck,4.998325825582609,-2.148208211455119,-6.381892609811814,5.936345017776805,40.78755673288728,23.648156557091152,1,-1.3760358572493392,-1.2042351732417251,-4.926515370398873
29513,283.77884615384613,45.47914220000001,9.227052,13.364032000000002,Davide_Rigamonti,55,Deck,0.9377229569090482,-0.1641004087707347,-8.731893823678671,-8.020356512137237,11.406345338521678,32.948876232495834,1,-0.072254424975692,-0.017491220736671,0.2780410823718462
29609,284.70192307692315,45.479159,9.2271062,17.38102,Davide_Rigamonti,55,Deck,1.4992317067943175,0.3468063593185056,-9.699807882043643,0.3050668238838425,5.114729351340757,15.778456834440815,1,0.0559747605265896,-0.0885477087279704,0.4275168286895923
29707,285.64423076923083,45.47917320000001,9.2271722,19.52934,Davide_Rigamonti,55,Deck,1.9367091764007307,-0.5156016231717471,-8.664501728814187,-8.912476635072489,0.3826287155521486,2.0684146892263167,1,0.3578434615072337,-0.1143741670585728,0.2778023557247415
29804,286.57692307692315,45.4791863,9.227244,22.046208000000004,Davide_Rigamonti,55,Deck,0.1675898688782751,0.945590986342212,-9.457519652014044,-2.7553864893004527,1.9807679715333408,7.607621943068332,1,-0.1306023001217517,0.2735236863120468,0.5643308865975722
29901,287.50961538461536,45.4791925,9.2273197,22.249928000000004,Davide_Rigamonti,55,Deck,0.6802256415824429,-0.1844812630902693,-11.27949475121206,-2.65815479606846,1.7520620976224754,-0.4419129135892889,1,0.1164859437297608,0.0676396544870175,-1.3542161576910878
30096,289.38461538461536,45.4791988,9.227474,21.935088000000004,Davide_Rigamonti,55,Deck,-0.2520538206934377,-0.2530568980762031,-10.131960811349703,-5.907115553147057,-0.4242393032766412,-13.727509390977357,1,0.0908436675607171,0.4472257405038669,-0.9398100537276192
30194,290.32692307692315,45.4792082,9.2275467,21.88138,Davide_Rigamonti,55,Deck,0.1463369431566662,0.0233896819697908,-9.95018815121588,3.83684333274012,3.3638175931842884,6.5926279024718015,1,0.2726524079764144,-0.0810231566570623,0.8821019913130392
30292,291.26923076923083,45.4792183,9.2276168,21.516536,Davide_Rigamonti,55,Deck,0.1773916378821862,-0.0769016558015003,-9.867418752508144,-7.619950320147443,1.6069803245307543,-1.6662368787105128,1,0.3158777158597075,0.0041878530507344,0.4732196304669447
30389,292.20192307692315,45.479229,9.2276767,18.231088,Davide_Rigamonti,55,Deck,-0.2922225511337897,-0.6796893184069457,-9.207260377959877,1.8120518702960768,3.6124359955223175,-4.831235774860324,1,0.068862452779472,0.4820152801478894,0.1634432227605131
30487,293.14423076923083,45.47924920000001,9.2277407,21.055388000000004,Davide_Rigamonti,55,Deck,-0.4361093904643133,-0.5704726809615304,-9.503930182057465,-2.5394115215839963,1.2571906503325998,-10.466603928706734,1,-0.3138847258414769,0.04654694572405,0.0134021629541312
30684,295.03846153846155,45.4792757,9.2278748,20.729436,Davide_Rigamonti,55,Deck,0.0763646813792046,0.1943855888101918,-10.147635146077208,-8.424192121661921,3.668504629418543,3.608299078571058,1,0.3352856551110993,-0.0268357987410357,0.0538721457302902
30781,295.97115384615387,45.4792855,9.227955499999998,23.28704800000001,Davide_Rigamonti,55,Deck,-1.2427946157858532,-0.369136241696437,-10.476234925913072,-3.706255959275688,3.5776961323325183,-0.017222147215425,1,-0.3413785174154348,-0.3114218634202482,0.3504221752460879
30879,296.91346153846155,45.479287,9.2280417,23.60003600000001,Davide_Rigamonti,55,Deck,0.2292042388031756,-0.3653925562112665,-9.273906838023096,3.9543727560122632,3.8646854248839055,-0.9145312816907838,1,-0.2619819713710235,0.1369396328130886,1.5271605871512772
30977,297.8557692307692,45.47927470000001,9.2281415,25.172384,Davide_Rigamonti,55,Deck,-0.0313231875754325,0.035116426028378,-11.200155426326273,-6.946952474318684,1.4085873338879291,-1.1415717004277317,1,0.2044276716066556,0.0271217366243511,-1.1221160273861894
31074,298.78846153846155,45.4792688,9.2282435,24.88162,Davide_Rigamonti,55,Deck,0.247132915993414,0.3783771917435897,-9.830425175469678,-3.1741585001224566,3.255034231870976,6.54579055510355,1,0.1823240649117016,0.0895449963032828,0.201246486793332
31172,299.7307692307692,45.4792655,9.228337,24.50936800000001,Davide_Rigamonti,55,Deck,0.5867794189880609,0.2895751526597943,-9.22072534081915,8.13158009604301,1.8194225569360656,1.3399016684686744,1,0.1673580740868412,0.1988365984293292,0.7096228027728859
31270,300.67307692307685,45.4792685,9.2284262,24.331576,Davide_Rigamonti,55,Deck,0.253223215025631,0.0977875555585066,-9.425070817434476,-2.445393064517289,1.0088758999469118,0.1571383222695059,1,0.1405031904892063,-0.1556599083489749,0.0533423549295744
31368,301.61538461538464,45.4792683,9.228507,22.66662800000001,Davide_Rigamonti,55,Deck,-1.489233099721877,0.8819397661732927,-10.581259759577607,-9.17081536049191,-10.234845012205732,-2.3270066792957507,1,1.0896752310905038,-0.7926222343106005,3.7078475566364393
31562,303.4807692307692,45.4792823,9.2286597,21.859156,Davide_Rigamonti,55,Deck,-0.0496055236766816,0.1599836310750209,-11.116801897692916,0.4720643498965509,3.2762166553050944,-2.4924831354637043,1,0.2099878978869149,0.116567942593487,-0.3059559983403925
31853,306.27884615384613,45.4793122,9.22889,22.292524000000004,Davide_Rigamonti,55,Deck,-0.3706061566445541,-0.0502380096605015,-9.328358256363764,-20.993012512402128,5.654893683603666,4.168096136140304,1,-0.3897732158694932,0.0685332124506322,-0.4988225432607543
31950,307.21153846153845,45.47931420000001,9.2289645,21.757296,Davide_Rigamonti,55,Deck,-0.3710616221915447,0.7561276180353639,-9.964813568271197,-0.3148123783387953,0.1089636131796578,5.7502763958734,1,-0.0250256216591102,-0.0514266845256985,0.1951256006743467
32048,308.15384615384613,45.47931320000001,9.2290457,22.4092,Davide_Rigamonti,55,Deck,0.8500622362706438,-0.6467292841728999,-10.43214159231491,7.29079430271134,2.812801324068184,-13.754411583220117,1,-0.0107434534099621,0.3416604238322341,-0.8976243060840154
32144,309.07692307692315,45.4792987,9.2291233,21.633212,Davide_Rigamonti,55,Deck,0.3148293373261038,-0.8296771788577251,-9.103730804146323,5.522963132161323,1.3115288820627748,-4.605924108149232,1,-0.3780285435003109,0.0863670981020707,0.1030025850039351
32242,310.01923076923083,45.47929600000001,9.229215,23.09258800000001,Davide_Rigamonti,55,Deck,-0.7707931835928463,0.0525771795378453,-9.860385893895447,4.9628247822568765,1.1148263239114953,-6.543485916816424,1,-0.1914946584097909,0.0336923296775975,0.532830292848562
32337,310.9326923076923,45.47929970000001,9.2293138,24.416768000000005,Davide_Rigamonti,55,Deck,-0.4105997513976102,-0.1128625890127262,-9.218887181350262,-3.650873140927321,3.683168982983281,0.0307007967143198,1,0.2908203925180484,0.0754814113738032,1.4712894240908945
32435,311.875,45.4792963,9.2293942,21.87026800000001,Davide_Rigamonti,55,Deck,-0.5941659762270692,-0.4032439985098824,-9.44639292364672,7.409291036908787,1.6897207793497069,-2.7535851261935256,1,-0.1144585929391566,-0.0346989273879415,0.9142395279333542
32533,312.8173076923077,45.4792963,9.2294665,20.284956,Davide_Rigamonti,55,Deck,-0.4873746568439992,-0.0659795164386067,-10.1380296517713,-4.899203699344478,4.157814392782727,-1.7154184314501937,1,0.0580968822868214,-0.0129481537020881,0.9409379452885656
32630,313.75,45.4793012,9.22953,18.679272,Davide_Rigamonti,55,Deck,-1.048804010096479,-0.1417608501276,-9.182611036259694,4.592627369716436,0.2250927640305353,-9.082452502522882,1,-0.3925612540244265,-0.2774124966894487,-0.3491332830039369
32728,314.6923076923077,45.479308,9.2295868,16.664296,Davide_Rigamonti,55,Deck,-0.8352398320606946,-0.6505531019800332,-10.925267388546066,-2.1743611156307647,0.8409554239386043,-8.767901930551066,1,-0.1144065886900913,-0.0579142365374153,-0.4005001050616474
32825,315.625,45.4793103,9.229641,15.006756,Davide_Rigamonti,55,Deck,0.2218237600916988,1.3275557363647583,-7.838452571116504,5.309284933105662,4.415602291715862,29.604308320517788,1,0.5096273225210941,-0.1759246628797541,0.2308556024966446
32921,316.54807692307685,45.479304,9.2296837,12.48248,Davide_Rigamonti,55,Deck,1.7873957872633222,0.0661060402526695,-6.1303026119584825,-6.41252862392396,24.213877924186693,43.07185048667532,1,-0.855429732622452,-0.1537613728907755,1.3443423221930348
33019,317.49038461538464,45.4792823,9.2297202,11.930584,Davide_Rigamonti,55,Deck,-1.7869244908095985,-3.1746844694626613,-17.259109183813578,-3.3709356334955114,0.1126871206737383,1.115170244611039,1,0.455011969956816,-1.5908729226412544,-1.7689427396660538
33114,318.40384615384613,45.4792518,9.2297492,13.432556,Davide_Rigamonti,55,Deck,-0.1287802336017258,0.1548159679695133,-10.94543442398281,7.518780550511758,-4.7243996805319535,13.254088822773518,1,-1.2399626208073145,-0.1160523636781777,-5.737772062443203
33212,319.34615384615387,45.4792185,9.229760699999998,13.59368,Davide_Rigamonti,55,Deck,3.478814706194148,1.3577533808369011,-9.221113673861328,-4.55194978545612,7.162768142026973,12.66532501166769,1,1.785954423602097,0.3372653609339339,2.042251774660235
33310,320.28846153846155,45.479173,9.2297697,16.977284,Davide_Rigamonti,55,Deck,2.079300857833863,1.6924977506250365,-5.444284330608021,-8.473968386075466,9.06797647286268,21.75421770904528,1,-0.333310870729377,-1.8598417815639816,7.592600482503544
33406,321.21153846153845,45.47912270000001,9.2297863,17.879208000000006,Davide_Rigamonti,55,Deck,1.6041314359188956,-1.8408895748093648,-18.38361448831527,4.010749663919452,28.3417974152156,-11.209189940494827,1,7.689614501310775,-1.7684748901398382,2.0214479610097875
33503,322.14423076923083,45.4790775,9.2297858,17.642152,Davide_Rigamonti,55,Deck,-1.8128998083082324,-0.1362080903157443,-9.083209926824008,-7.590964458538473,-5.264460830265271,1.5112574618946129,1,-3.2079150114099195,0.5786129129379365,-2.098594165609315
33601,323.08653846153845,45.47902379999999,9.2297918,19.060784,Davide_Rigamonti,55,Deck,-4.275434296605487,-0.7391509670337563,-7.555750588701673,-5.536956492334249,-12.174662613953156,1.7195726155229485,1,-3.821362653293368,-1.3008400153702069,2.274484015016191
33697,324.00961538461536,45.4789717,9.2298023,18.747796,Davide_Rigamonti,55,Deck,-1.4829058910772368,0.4610376961455647,-11.844865440444,5.138710370820178,0.7404029167099146,-1.252516495223678,1,-0.4859695580178648,-0.2731589478402377,-2.2164305829459177
33796,324.96153846153845,45.4789235,9.229809,17.575480000000002,Davide_Rigamonti,55,Deck,0.247721487805202,-0.7454240627545361,-6.7225511596891065,1.7805313193307586,-0.675765569508405,-5.678194218869778,1,0.1344861413713157,-0.4343967530568239,0.2304474144604125
33892,325.88461538461536,45.4788822,9.2298208,15.588284,Davide_Rigamonti,55,Deck,-0.6122727712560063,-0.5125840805311787,-7.473615155689421,0.2069754475286571,0.5563606859911667,1.8684150555337784,1,-0.2619566203818097,-0.3638959654958645,0.6259274883775579
33991,326.83653846153845,45.4788472,9.2298268,14.025196,Davide_Rigamonti,55,Deck,0.2331983616219493,0.6505577528565466,-9.894691997564658,-3.162122841241515,3.3272766519191763,4.179665963144342,1,0.1893110609607009,-0.0825012732985338,0.0280419701610217
34089,327.77884615384613,45.4788168,9.2298358,12.247276,Davide_Rigamonti,55,Deck,-0.0617170797621498,0.5455215487958751,-10.849199000433874,0.6094011443591367,2.1467796848798693,0.8112413573774946,1,-0.2101655024231619,0.3894504689512836,-0.4420753462192817
34282,329.63461538461536,45.4787635,9.2298468,9.119248,Davide_Rigamonti,55,Deck,-0.7126240471129752,1.0320682552417897,-10.994673051650604,-14.969072412132244,2.76845104289386,15.823745373206629,1,1.1516009385687087,-0.6459788001277678,-0.3075671767984858
34380,330.57692307692315,45.4787467,9.2298518,7.172796000000001,Davide_Rigamonti,55,Deck,-0.4742569260176481,-0.3385331665166485,-10.787832805973313,-4.130181251368139,-0.1260561639867266,4.499464541599108,1,-0.2025657088876189,0.0693165265080412,-0.0217767376962783
34476,331.5,45.4787237,9.2298535,7.296880000000002,Davide_Rigamonti,55,Deck,-0.4221122928140792,-0.0811561093137968,-11.180318795740702,2.240872830347181,-2.1835387103019324,-3.0340376060261667,1,0.0058643225217305,-0.104181874479285,-1.3707393115072666
34573,332.4326923076923,45.47870220000001,9.2298597,6.622752,Davide_Rigamonti,55,Deck,0.0086241596425443,0.6793060267431434,-9.593106158084067,0.3355849274640703,3.323780479578721,-21.100990875271265,1,0.1917879873324496,0.4354079550335964,1.5136724656799565
34767,334.29807692307685,45.4786798,9.2298672,1.820516,Davide_Rigamonti,55,Deck,-0.0822376185515312,-0.6677358739461569,-9.958621135569803,8.163394897446842,0.4994012080813453,-1.323858830946434,1,0.0051442863075704,0.1306576703540324,-0.1187304400833912
34865,335.24038461538464,45.4786785,9.2298728,0.5389320000000001,Davide_Rigamonti,55,Deck,-0.1683768609832308,-1.9388447856688744,-9.652091878294373,1.0915523311211843,1.9267747914777231,-0.7617869872255634,1,0.0092293564506339,-0.0030431525127099,-0.0194587833168
34963,336.1826923076923,45.4786758,9.229875300000002,0.374104,Davide_Rigamonti,55,Deck,-0.1097006254762347,-1.4852533594367012,-9.65875907988909,2.119490854149539,1.5784614268775794,-0.4173819131998231,1,-0.0100982778348951,-0.0073154466928,0.0045299527052513
35350,339.90384615384613,45.4786592,9.2298837,0.107416,Davide_Rigamonti,55,Deck,-0.1491638537471795,-0.547886639693941,-9.807534700610644,-6.107389834965446,2.4894147032892624,-1.3653833367602148,1,-0.0342257790523852,0.0106890251500941,0.0023167790975726
35448,340.84615384615387,45.4786583,9.229886,0.338916,Davide_Rigamonti,55,Deck,-0.2041472628982669,0.2101556366016468,-10.093217154886348,6.437124911415203,1.2277318944380775,-5.173264842968004,1,-0.0719716698699056,-0.1483362722959754,0.0928339375722426
35641,342.70192307692315,45.4786425,9.2298962,2.25944,Davide_Rigamonti,55,Deck,2.256336141504885,0.0636658364481246,-8.700180494214878,15.06741757991038,1.1481636993430977,-6.429967001875883,1,0.1521355999770128,-0.1856053641940581,0.7762889795914472
35739,343.64423076923083,45.4786285,9.229901,4.394796,Davide_Rigamonti,55,Deck,0.8386276708975169,0.0797059325807359,-10.158950839956592,-7.365120570384128,4.270085750390345,-16.852793603476442,1,-0.260428971461258,0.4163302776925381,0.3286369083113314
35836,344.57692307692315,45.478614,9.2299132,5.693048,Davide_Rigamonti,55,Deck,-1.985461212769269,-0.0726645854392308,-10.583960229996304,-11.039371466116712,-0.8210728206849147,-11.646972373440928,1,-0.4923506912608318,0.4537900573328005,0.6644922612941588
35933,345.5096153846154,45.478601,9.2299375,7.37096,Davide_Rigamonti,55,Deck,0.3679538072918492,1.684181860148809,-7.8885391177696755,-13.079338563727816,-1.1627932733828803,11.995310034151135,1,0.1149437740376934,-0.1883814688457468,0.5246598981038746
36030,346.4423076923077,45.4785917,9.2299722,9.128508,Davide_Rigamonti,55,Deck,1.4957643714346889,-0.7112723572272339,-8.605021556757649,7.340940147585895,13.101398514891605,-29.31852580253878,1,0.1803606304039544,-0.3465668053564489,0.3336031490543849
36127,347.375,45.47858950000001,9.2300093,9.77856,Davide_Rigamonti,55,Deck,-1.4184536616332422,-0.7678878403780541,-9.37269679762889,9.077188035108495,-22.65862252653353,-16.684189194329456,1,-0.0684876558857507,-0.4705145056883555,-0.8703223404650231
36323,349.2596153846154,45.478594,9.2301077,14.097423999999998,Davide_Rigamonti,55,Deck,1.7637346980131785,-1.9989745452054213,-0.0151976967439768,-17.88274738235471,-5.290526618010863,7.775666664281603,1,2.5954153354021914,0.6116594957947963,6.701009565685853
36422,350.21153846153845,45.4785945,9.2301677,16.234632,Davide_Rigamonti,55,Deck,1.5446245102860063,-0.3857279043408182,-6.945405727539162,-9.617087432819485,10.921474477060263,2.497626189449192,1,1.1222626164163,0.0933345377532026,0.3584453326572712
36615,352.0673076923077,45.4786035,9.2303043,21.062796,Davide_Rigamonti,55,Deck,-1.181905470471825,0.946695765988046,-10.09434730802641,-2.782596064267936,2.646191983122262,3.0881744302309326,1,-0.3829977165263117,-0.2089778615810826,0.9410277977072888
36711,352.9903846153846,45.4786108,9.2303752,19.840476,Davide_Rigamonti,55,Deck,-0.7224862846150613,-2.802928125553454,-9.70949631922807,-2.075594895586879,0.5824869866022522,1.5116434253956594,1,0.113793562260329,-0.0876975940589765,0.7302236406666811
36809,353.9326923076923,45.4786105,9.2304525,20.073828,Davide_Rigamonti,55,Deck,1.794659825574564,-0.3291428274720413,-7.470960114744757,-4.204049342893796,5.9705321136608775,9.190458257859508,1,1.0360296000550484,-0.0894804738906389,1.315505924160013
37196,357.65384615384613,45.4785885,9.2307895,23.537068000000005,Davide_Rigamonti,55,Deck,-0.032040172623507,-0.5018172698425314,-11.618793613976116,-5.766996344541442,-2.30104073020306,-3.3833437647851534,1,0.7191011365758212,0.0401171268885437,-1.8845796424257728
37489,360.4711538461538,45.4785878,9.231043199999998,23.348164000000004,Davide_Rigamonti,55,Deck,-0.010862807243284,-0.2792209379337671,-9.171251764011616,3.0664528648987512,-4.779741749035929,-3.2640682047746803,1,0.5853192510439534,-0.7331211721656381,1.1610833609763986
37779,363.2596153846154,45.478583,9.231271,18.962628,Davide_Rigamonti,55,Deck,-1.6578037777730157,-0.3604347037821625,-14.389018812985118,-7.2351251141829955,0.2947058670451064,4.0597560917010345,1,0.1516100916091978,-0.2907644897621123,-1.557058525196812
37974,365.1346153846154,45.4785858,9.2314032,19.6775,Davide_Rigamonti,55,Deck,0.4611315787014723,-0.5292604358644021,-10.37452860735829,3.8106995725384265,3.1382585363782014,-18.925607170330583,1,0.142324131899023,-0.0395379598742277,-1.2239862419945222
38168,367.0,45.4786013,9.2315528,22.346232,Davide_Rigamonti,55,Deck,2.360182611536924,-1.912958721150155,-8.368076959962607,4.993315881684778,2.44738273856546,0.5395662850666669,1,1.0840740668098443,-0.8975423120791333,0.0154596737786434
38361,368.8557692307692,45.4786087,9.2317228,23.907468,Davide_Rigamonti,55,Deck,0.92554603328039,0.1679880123842474,-8.796130266260901,-3.548703600390252,3.7032487362344337,9.53815827927946,1,-0.3496356654145246,0.5473175385571545,1.208904419004286
38459,369.7980769230769,45.47861470000001,9.2318082,24.003772,Davide_Rigamonti,55,Deck,0.1148648581782096,0.905839897489778,-10.701098859555504,-5.90697986125176,0.2690784200259237,3.711536961302872,1,-0.0006878097100497,0.2789972332741517,-0.1717715526210756
38555,370.7211538461538,45.4786185,9.231894,23.824128,Davide_Rigamonti,55,Deck,-0.5855498389317106,-2.735387266341045,-8.70490729658034,9.106470892601378,1.3770197590914264,-12.987791829539086,1,-1.1337275412033,0.2114506025158436,3.269050565013506
38652,371.6538461538461,45.4786135,9.2319752,22.849976,Davide_Rigamonti,55,Deck,-2.6611754442439115,-0.7218238685489398,-11.704653813100547,0.2087742140902411,2.4420202603004904,-18.08121010955146,1,-0.3961597083769659,0.5574586795218222,-1.5594355819038397
38750,372.5961538461538,45.478617,9.2320495,20.116424,Davide_Rigamonti,55,Deck,-1.043974299502768,0.6550692789609553,-9.62268167419846,-3.014566582410488,0.5086439114303545,-4.446649584659216,1,0.525910121699799,-0.4071192241967323,-1.356966655861786
38944,374.46153846153845,45.4786193,9.232168,15.217884000000002,Davide_Rigamonti,55,Deck,-1.1942661844927642,0.4349124923906421,-9.640080297026348,-6.280340057134604,1.7172143388787888,1.6357707884008077,1,-0.023923842040374,0.2374034519185545,-0.0644262116282643
39041,375.3942307692308,45.47861500000001,9.2322013,10.406388,Davide_Rigamonti,55,Deck,-1.9972451581671888,0.4918206895112529,-8.826753868667131,-1.6174450664389466,1.3699367086073724,-0.1830995949857384,1,0.2691794139180199,0.2866865209540897,0.4681117124765333
39137,376.3173076923077,45.478607200000006,9.2322155,4.167,Davide_Rigamonti,55,Deck,0.1275442865548424,0.2018128802471107,-9.604849542789388,-5.2476643722233485,4.319238772618212,0.0381532458568365,1,-0.1210932738059999,0.0155622023983432,0.1217531685654354
39235,377.2596153846154,45.4786033,9.2322195,0.964892,Davide_Rigamonti,55,Deck,0.1946004809548181,1.0061859177553842,-9.653025492548972,1.069671606449972,1.8067619731556497,-0.6545488575583063,1,-0.1865955341107788,-0.0330423964281325,0.0484985945395255
39528,380.0769230769232,45.4785912,9.232225,0.0463,Davide_Rigamonti,55,Deck,0.031071522221,0.195561987191373,-9.836479366829709,-2.30736081728019,2.14743066701986,-0.559926240073434,1,0.0130222536105237,0.0014441464779417,-0.0092801580687638
40013,384.7403846153846,45.478579,9.2322283,0.34262,Davide_Rigamonti,55,Deck,0.0387096911531554,0.3890790723981049,-9.810320110502996,-1.4234853458722976,1.9642919537582209,-0.5762706670162174,1,0.004764816868725,0.0362404843358932,0.002731488125141
40224,386.7692307692308,45.47857570000001,9.232232000000002,0.412996,Davide_Rigamonti,55,Deck,0.0655645043298968,0.4837610706945367,-9.828286471636703,-0.9105073656056396,2.0472509139007906,0.2974935178897517,1,0.016876891551611,0.0919850251204999,-0.0042869892799277
