,Timestamp,Latitude,Longitude,Speed,Driver,Weight,Placement,Ax,Ay,Az,Gx,Gy,Gz,Confidence,Jerk_x,Jerk_y,Jerk_z
0,0.0,45.47869,9.2324612,0.096304,Gianluca_Savaia,80,Stem,0.3487801159591419,-0.0993408882810257,-9.866584136998895,1.8964961242132776,0.0600007665747655,-5.217002060106327,1,,,
1912,18.384615384615387,45.47864129999999,9.2324278,0.442628,Gianluca_Savaia,80,Stem,0.0556692653883009,-0.495942612229795,-9.808628018955154,-1.3013995363448014,0.3406413654999012,-5.011662549119637,1,-0.0183222863794404,0.0593714419876885,0.0153299259789143
2008,19.30769230769231,45.4786248,9.232413,0.077784,Gianluca_Savaia,80,Stem,0.187665478624887,-0.7267728511022874,-9.835761943378516,0.1901948549025993,-0.6692976778928843,-4.1268514328000885,1,0.0459055641011068,-0.0395326579069602,-0.0310507695060415
2204,21.19230769230769,45.4786085,9.232403,0.466704,Gianluca_Savaia,80,Stem,0.0730984128729378,-0.7667552043688284,-9.81661412662094,-1.0057870765120116,0.2887417052217365,-3.816635091918932,1,-0.0040359831727037,-0.0039985812462289,-0.0130819530691503
2398,23.05769230769231,45.4786215,9.2324015,0.079636,Gianluca_Savaia,80,Stem,-0.352039205008117,-1.7802963584909457,-9.723543113394705,7.938357809248734,1.2253599246576572,39.88182034946636,1,0.1933652103519073,-0.058537576529891,-0.0193629792487364
2496,24.0,45.4786125,9.2324007,1.1537959999999998,Gianluca_Savaia,80,Stem,-0.6458432426775713,-1.9720689956693016,-10.462849446322055,5.936132921392447,-5.6174053995264925,14.130224301157286,1,0.0314043461727915,-0.0549335019822057,-0.1917431938125133
2592,24.923076923076927,45.4786095,9.2324068,1.207504,Gianluca_Savaia,80,Stem,-0.9234556749917736,-1.4947287261487072,-8.920275593332113,-14.106787358555238,5.081581104415834,-27.04888721992085,1,0.0792093465994691,0.11946439514007,0.3851732410289817
2690,25.865384615384613,45.4786097,9.2324212,3.1724760000000005,Gianluca_Savaia,80,Stem,-0.2095797810314545,-1.0952034642104058,-11.063242544219728,-20.71890471683108,1.8214214927407808,-44.83879290438991,1,-0.5794790857794556,-0.1432498212052367,-1.6148374259611715
2788,26.80769230769231,45.4786068,9.2324397,6.6727560000000015,Gianluca_Savaia,80,Stem,-0.0293820827599112,-0.0846587812257662,-10.654168642748743,-5.882972486691388,-1.3164780317449258,-41.83655239044103,1,-0.0999166474527927,-0.3038029813745441,-1.001117976797909
2885,27.740384615384613,45.4786158,9.2324648,7.620980000000001,Gianluca_Savaia,80,Stem,1.1598692210942552,1.5200492982050802,-8.457462702466435,19.391923929106877,-1.7865171840919816,50.13878055794645,1,-0.3235100246839135,0.7233131610389013,-0.934978602488286
2984,28.69230769230769,45.4786223,9.2325002,10.93606,Gianluca_Savaia,80,Stem,2.170578273622579,0.5728905140210571,-5.7647518260817385,-5.438027589989611,9.393454201639049,-26.315138721849213,1,-0.4444248832365112,1.1905370195110527,7.540315089984663
3276,31.5,45.4786383,9.2326552,15.634584,Gianluca_Savaia,80,Stem,4.432740928388871,-0.147150703043278,-7.338811797293339,8.614593922419985,4.809204483939332,4.146727595755498,1,5.220909532401341,-0.1983660722986365,5.577163544829726
3373,32.43269230769231,45.478635,9.2327175,17.516216,Gianluca_Savaia,80,Stem,1.5726694270878985,-0.9378406851707424,-8.322478081067874,-9.60749620360911,3.292379372715532,1.6190133349086533,1,0.9476397594001024,-0.2452331273487521,1.6108055540139643
3568,34.30769230769231,45.4786448,9.2328283,14.449304,Gianluca_Savaia,80,Stem,-0.3249522639122676,0.9534130023488924,-9.211368320219464,4.677985405595758,-5.1456340501157385,-4.8755274716218935,1,-0.3205792244174327,0.211727940626543,0.0581891421078477
3859,37.105769230769226,45.4786478,9.232948,8.776628,Gianluca_Savaia,80,Stem,1.2564213081397009,-2.0027742008904545,-11.338335545541176,-7.848510749121393,0.7692158092949262,12.179885796821264,1,0.9149661774669644,0.0541695774045836,0.2062090207903928
3957,38.04807692307692,45.4786445,9.2329885,11.236084000000002,Gianluca_Savaia,80,Stem,0.7393102155732312,0.6528537075816936,-7.6943586737048255,1.6121552516160689,6.998207521907501,11.974900006166964,1,-0.7587860749805817,0.0179855587664111,1.306212862656411
4054,38.980769230769226,45.4786185,9.2330377,14.03816,Gianluca_Savaia,80,Stem,1.324348958552828,-0.014809443557206,-7.265278469361958,2.5830244996920926,7.400472166448938,-12.639444916157393,1,-1.1725438024217123,0.7332252621026301,1.7255822254771245
4150,39.90384615384615,45.4785997,9.2330928,16.358716,Gianluca_Savaia,80,Stem,-1.1018661444054896,-0.120187279255282,-8.919811434872639,9.732392305373269,0.9624758898283136,-19.870378320994337,1,-0.2384020044007764,-0.0998866540187174,1.815154054388828
4246,40.82692307692308,45.478585,9.2331462,15.423456,Gianluca_Savaia,80,Stem,-3.7673105662742095,0.1448646677388718,-11.202112914986651,2.1560410402595465,-6.457175516609964,-18.371987987532407,1,-0.3007367543098169,-0.0172626755785639,-2.1128396579763127
4342,41.75,45.4785672,9.2331927,11.212008,Gianluca_Savaia,80,Stem,-0.9149633891470736,-0.0104702573848741,-9.609537827812233,3.2464246976353706,1.4768405800749873,-4.539684377157457,1,0.4559761327240333,-0.3177109936505121,-0.2809114838253883
4539,43.64423076923077,45.4785617,9.2332602,7.3728120000000015,Gianluca_Savaia,80,Stem,-0.953375718555972,-1.0358751589590014,-10.375520120473825,-20.06081195045081,7.413793654128982,-63.01309756278423,1,-0.1927812456934639,0.246470827902113,-0.1536677703968614
4636,44.57692307692307,45.4785748,9.2332668,7.74136,Gianluca_Savaia,80,Stem,-1.8866752393519903,-1.1033611458402692,-8.79570365213701,-0.9320826760504488,31.03879117036582,-54.91418622099417,1,-0.3666979843385349,-1.4538180919266148,-1.0241100607288454
4734,45.51923076923077,45.47858529999999,9.2332633,7.2265039999999985,Gianluca_Savaia,80,Stem,-2.6386863353836967,-0.2278043133487863,-9.321834928795653,-14.491121823845743,17.044505415927595,-79.12449404986117,1,-0.3124383149475958,0.1268065805095428,-0.0929764786944087
4832,46.46153846153846,45.4785857,9.2332343,8.321036000000001,Gianluca_Savaia,80,Stem,-1.0061154159135963,0.7982062459395857,-9.084451816495395,0.1160001880763212,7.273224177083115,-46.99657203199802,1,-1.0678133844519648,0.6115466045169397,-0.0480198700542331
4929,47.39423076923077,45.4785803,9.2332015,9.795228,Gianluca_Savaia,80,Stem,-0.4143583931892252,1.1783931539735868,-11.153560132237926,10.792281320768552,1.0087124794421412,29.23000934187864,1,-0.2502532194229461,0.6394775477574871,-0.6862204194515815
5223,50.221153846153854,45.4785683,9.2330928,9.83412,Gianluca_Savaia,80,Stem,1.4262456260331218,-1.0448131414263746,-9.560424413825814,-1.8535252888195748,1.9969435700209248,-8.137266077246348,1,0.979607748837842,-0.1030204251922878,2.7705671355288377
5417,52.08653846153846,45.4785513,9.2329958,15.386416,Gianluca_Savaia,80,Stem,2.543822947014489,-1.1231965663369037,-8.579269084878959,-3.597686066666764,1.0199710366409205,7.561040659792829,1,0.8264685876526738,-0.1100693321238661,1.5619901080479008
5515,53.02884615384615,45.47854570000001,9.2329403,17.790312,Gianluca_Savaia,80,Stem,-0.4139454042666525,-0.6020502452016764,-10.964740454748313,-4.315968025105229,0.1634469280562465,-0.4752882291739713,1,0.4519503533889676,-0.4132930714924579,-0.2950988787788091
5613,53.971153846153854,45.478552,9.2328737,19.3534,Gianluca_Savaia,80,Stem,2.065856016578988,-0.636726081203286,-11.409365491779267,-6.253949642030404,8.028776885600816,4.4834580683537775,1,0.4123207468865282,-0.3768018707952213,0.1961329206106139
5808,55.846153846153854,45.4785572,9.232729199999998,20.225692,Gianluca_Savaia,80,Stem,-0.0859243448110707,-0.5087635858235451,-9.633221085845433,0.1876674736994106,2.340707318163677,-5.345612776062099,1,0.1774077854024825,0.5378897383632373,0.4490124949886862
6004,57.730769230769226,45.4785508,9.2326162,13.164016,Gianluca_Savaia,80,Stem,-1.98050890669382,-0.2526745715566961,-10.469818889000184,-4.095237384164659,-6.063130327000861,-0.5601718285484933,1,-0.9298255928119497,0.6145807428711314,-1.524637182908018
6198,59.596153846153854,45.4785508,9.2325205,15.043796,Gianluca_Savaia,80,Stem,0.0304486509796362,-0.7988814366280637,-10.26668108218991,2.4021933198081475,-0.336018323191547,-4.046839740624368,1,1.3244863841249757,-0.6096136016593922,2.5602267355106783
6295,60.52884615384615,45.4785563,9.232478,13.364032000000002,Gianluca_Savaia,80,Stem,-1.6228787863873744,0.3472437977730797,-10.850029675061274,-11.531828004237608,-0.6822606647233096,-13.523924845346627,1,-1.2639840099402426,0.0490602129754922,-0.6386681992640337
6392,61.46153846153846,45.4785532,9.232425,13.678872,Gianluca_Savaia,80,Stem,-1.6456051918253056,-0.4062114107927601,-7.387673722026527,-5.342033681187844,1.1301980516941068,-11.274366596583905,1,-1.2738254663262507,1.1051599556432965,-0.6040057517748902
6489,62.39423076923077,45.478562,9.2323945,6.252352000000001,Gianluca_Savaia,80,Stem,-0.5746437152179977,0.7284653133046995,-9.889325860850438,-4.693753019394571,4.398488238666516,-2.195547287250281,1,-0.7246682603185226,0.1097795472743672,-0.853915045530055
6587,63.33653846153846,45.4785735,9.2323753,5.713419999999998,Gianluca_Savaia,80,Stem,-1.3383887827302516,-1.1340282712373608,-9.3995231420662,-0.6878522272375882,11.242319085734689,55.59256900033982,1,-1.2355134464610964,0.4557361402272355,-1.2905880102560603
6684,64.26923076923077,45.4785747,9.2323617,1.6908759999999998,Gianluca_Savaia,80,Stem,-0.391137289101302,-1.3653899381772752,-9.789629780851085,13.540540217702471,10.552209323788212,63.20047785807133,1,0.0301291756774333,-0.5177777437246903,-0.5834894861321942
6781,65.20192307692308,45.47858170000001,9.232361,0.72228,Gianluca_Savaia,80,Stem,-0.2982596855935868,1.1454386525835976,-8.796212946931128,-24.03041800713673,5.8290629340598645,-42.77581454105217,1,0.0888371688746295,0.1061969816253436,0.2297627528531105
6879,66.14423076923077,45.47857800000001,9.2323583,2.4520480000000004,Gianluca_Savaia,80,Stem,-0.0399183566136221,1.3655710699211436,-9.658925023238329,4.889200181692266,-0.5691424117964949,6.649656473418102,1,0.0638436703895662,0.040516194921701,0.0369336529487078
6975,67.06730769230771,45.4785795,9.2323548,0.7241320000000001,Gianluca_Savaia,80,Stem,0.3924344277716571,0.6025414335652288,-10.089147116279175,1.8393871089899303,-0.7079437091676724,2.4415613854641127,1,-0.1181651999872369,-0.0161715906164293,-0.1819633964559486
7170,68.94230769230771,45.47857570000001,9.2323462,1.427892,Gianluca_Savaia,80,Stem,0.0559861571143773,0.9392112935115648,-9.803922564287856,-0.4031114362597021,0.0390496044757302,-4.535739340493938,1,-0.0131758025509442,0.0263623002783996,0.0087909864565425
7462,71.75,45.4785865,9.2323485,1.1815760000000002,Gianluca_Savaia,80,Stem,0.1082674857712013,1.1427430258411582,-9.760420442981662,-1.0914536764249894,0.0211796142979796,-5.203608498364877,1,0.0249995302563909,-0.008106851508892,0.0072081109416135
7558,72.67307692307692,45.4785798,9.2323413,0.9723,Gianluca_Savaia,80,Stem,0.0970794793996517,1.1136047119163892,-9.7654681425829,1.2452334625364203,0.0392301650715354,-4.626903917626994,1,-0.00852757421369,-0.0275345576134649,-0.0013940060505071
7849,75.47115384615384,45.4785652,9.232337800000002,0.5796760000000001,Gianluca_Savaia,80,Stem,0.1250091398788357,1.1358928892597129,-9.738560314554691,0.9219914038087688,-0.0793376012176563,-4.495651194782353,1,0.0115578059657125,-0.0513382685681396,-0.0056321581205374
7947,76.41346153846153,45.478568,9.232341,0.3259520000000001,Gianluca_Savaia,80,Stem,0.1677500125162418,0.9666806238706264,-9.78063155263357,1.5057752870710357,0.0764745551424628,-4.55932753185398,1,-0.0062906881354062,-0.0043676643903544,-0.0066444104668637
8238,79.21153846153847,45.47857800000001,9.2323428,0.207424,Gianluca_Savaia,80,Stem,-0.0156189649546657,1.0245836761422251,-9.72871326775736,-7.640050742973423,-0.1541934098712611,-6.785115372343498,1,0.0127798770571749,-0.0176519142796356,0.0159799011579657
8627,82.95192307692308,45.4785843,9.2323362,1.140832,Gianluca_Savaia,80,Stem,0.0461923776146643,1.828397747139132,-9.693204154134632,-0.0383051967437397,-0.011406522508869,-4.852703890398809,1,0.0078397308474501,-0.0185136542190438,-0.0063376780122723
8917,85.74038461538461,45.47858170000001,9.232344,0.6037520000000001,Gianluca_Savaia,80,Stem,-0.0730818104978847,0.9539039260002898,-9.779798429515331,-1.7360364343996677,-0.1593664961764691,-2.8531194408995555,1,0.0151457673894381,0.0232802721809998,0.0017974168737069
9111,87.60576923076924,45.4785695,9.2323447,0.125936,Gianluca_Savaia,80,Stem,0.097830654119395,1.2579110650039305,-9.769891969822416,-0.2612129666319065,-0.007734650194064,-4.804585637474044,1,0.0254508927395854,0.0356277113068197,0.0131458536859607
9406,90.44230769230772,45.4785698,9.2323488,0.235204,Gianluca_Savaia,80,Stem,-0.2325437481964199,1.1772278399099303,-9.801160060464568,-1.4037287435165249,-0.1730134410193349,-1.810979169757431,1,-0.0023743143840512,-0.0067312837986917,0.0066268951139445
9599,92.29807692307692,45.4785722,9.2323412,0.196312,Gianluca_Savaia,80,Stem,0.0596240455954285,0.6839214454228488,-9.80773699458986,-1.7286407197976876,-0.3105616327104377,-3.7297842068006655,1,0.0028552858960379,0.0076509040146187,0.0029257220497669
9698,93.25,45.478571,9.2323407,0.162976,Gianluca_Savaia,80,Stem,0.018141906336483,0.8713649667765931,-9.78892214898749,-0.3668376328110989,-0.3467191451036773,0.3223488131931829,1,-0.0291022002869674,0.0004461327512818,-0.0009977265559673
9892,95.1153846153846,45.47858,9.2323468,1.6723560000000002,Gianluca_Savaia,80,Stem,-0.3091569524714435,-1.5369090832316998,-8.891103728450046,2.933561488504397,7.167264609057781,38.39980669622637,1,0.0020436222788806,0.2088170891978094,0.0725680478273513
9990,96.05769230769228,45.4785727,9.2323468,1.542716,Gianluca_Savaia,80,Stem,-0.2184427513415382,-1.1047343981917872,-7.963335942803416,-1.6938637453326644,9.240863725044443,39.79420886744569,1,-0.7604296481892835,0.8420437562046148,1.1660031671858675
10087,96.9903846153846,45.4785615,9.232356,1.700136,Gianluca_Savaia,80,Stem,0.7409013497913859,0.1311966334099514,-11.025977321828933,-8.209523653934669,0.704292231161471,-7.767595434437688,1,0.4201076772061483,0.2911310571488256,0.139974931321829
10281,98.85576923076924,45.4785495,9.2323838,3.950316,Gianluca_Savaia,80,Stem,4.225110220586206,0.633718090507272,-6.808281220420812,-2.480601739792717,2.2065639466024427,0.9349265081976617,1,1.1318380091969744,-1.048570945067893,1.869116460701342
10379,99.79807692307692,45.478546,9.2324052,5.9764040000000005,Gianluca_Savaia,80,Stem,1.8867655086001216,0.9055751350146644,-6.817535580390103,-6.157407762028961,7.79252227268538,-32.09366881331843,1,1.7194628777697605,0.5230669707015673,2.0260058452511807
10477,100.7403846153846,45.4785453,9.2324347,7.948784,Gianluca_Savaia,80,Stem,0.8048999656133289,1.6502106031647048,-6.18209634370559,16.158685174449946,4.0375470365808575,1.3933134030929428,1,-2.746046627275561,1.822576976900805,2.4933228088656647
10573,101.66346153846152,45.4785545,9.2324845,12.212088,Gianluca_Savaia,80,Stem,1.977338538263952,-0.5049624525082943,-9.104611262922004,-18.522603933125488,8.013376522947462,-17.925481860726993,1,1.2384080908102144,1.2366576575976451,3.0714579655067564
10671,102.60576923076924,45.478555,9.232535,14.856744,Gianluca_Savaia,80,Stem,1.1905986507338522,-1.3985847505955389,-10.283373582231173,2.8863508903246875,-0.5041798792289773,7.619990238959919,1,3.8537907589433815,-0.8053196376401248,0.6944728761432586
10767,103.52884615384616,45.47855070000001,9.2325948,16.532804000000002,Gianluca_Savaia,80,Stem,2.040918588139203,0.4577471055725595,-11.294431545249846,2.2529775828993674,-1.83619346872514,17.92480667767542,1,0.6217092594015599,-0.3945192352255103,0.8428146211201657
10866,104.48076923076924,45.478567,9.2326505,16.838384,Gianluca_Savaia,80,Stem,2.9782159148475964,-1.0225836285797056,-7.997578038548684,-4.781668653786526,2.759207315895776,6.375789205755487,1,1.3010659776285547,-0.4591487848939492,1.3946563413783943
11060,106.34615384615384,45.47858,9.2327812,18.651492,Gianluca_Savaia,80,Stem,-2.3998890470911665,1.8619815479264303,-10.093989600392458,5.188927120615998,-1.389768712395664,-1.2584007164840545,1,-2.501894341391268,0.4437785827761887,-3.1947772478150083
11160,107.30769230769228,45.47858520000001,9.232852,19.294136,Gianluca_Savaia,80,Stem,0.2985978513445045,-0.1624983640296405,-8.847278508045349,5.149095406080519,0.404381009853906,-2.24220865738974,1,-0.7095439813466641,-0.3561048374074161,-0.587201370656528
11256,108.23076923076924,45.4785792,9.2329262,19.453408000000003,Gianluca_Savaia,80,Stem,-0.9003626575571158,-0.1322339004005256,-10.454275845969653,4.790093024277463,-4.234472209622801,-2.8350772737458088,1,-0.9713739238781404,0.4704585203243585,-0.964892601145177
11352,109.15384615384616,45.478564,9.2330063,20.234952,Gianluca_Savaia,80,Stem,0.1918586563558212,-0.1795061716157894,-10.185224933507213,-5.199415568168983,1.305893686672282,-3.669474664159013,1,-0.493282007054009,-0.1142235221732971,-1.1703602110547582
11450,110.09615384615384,45.4785535,9.2330903,21.79804,Gianluca_Savaia,80,Stem,-0.8310418529931489,-0.5919060879444111,-9.678409635223394,-5.306003573689608,-0.6077293690645611,-13.299708416775315,1,0.0830251192276007,-0.1253440992845741,0.2749590935059523
11545,111.0096153846154,45.4785505,9.2331662,21.716552,Gianluca_Savaia,80,Stem,0.9881829843260228,-0.3491297078299229,-11.20325593086016,-7.3067764732684735,8.066460626871045,-8.046638761210808,1,-1.1479090370385012,-1.9858277973203216,-2.8312504043756377
11742,112.90384615384616,45.4785518,9.233325,22.275856,Gianluca_Savaia,80,Stem,-0.496943092899667,-0.7599089770345212,-11.607751786815296,-4.893708329632671,-5.333957108291459,-1.832893699424816,1,0.2159479624032603,-0.0797497580047312,-0.0700353569913829
11937,114.77884615384616,45.4785588,9.2334903,22.248076,Gianluca_Savaia,80,Stem,2.718062833778306,-0.2408624078664546,-9.356095480310092,1.7793696332841948,-1.72444854712899,-5.9113740904244505,1,-0.9265992146878416,0.8061031821465049,-0.4209738181123246
12035,115.72115384615384,45.4785598,9.2335718,22.462908,Gianluca_Savaia,80,Stem,-0.3364427285544826,-0.0886468858121418,-8.86437878778808,-3.5455923847171045,-0.4779518839956558,-4.581002934430969,1,1.0044867275136635,0.2453618146364024,1.2938059574969127
12131,116.64423076923076,45.4785595,9.2336483,21.87026800000001,Gianluca_Savaia,80,Stem,3.380295318709033,0.3708187830579261,-2.959284158190515,5.833914782506766,11.106417997348917,-3.9986288764005113,1,1.2580562857797633,0.4555922801103643,6.054210893542197
12327,118.52884615384616,45.478555,9.23381,20.959084,Gianluca_Savaia,80,Stem,0.3037869936764023,-0.5592615735058154,-8.94047718986159,-1.7696994109801656,-1.3774933979813877,-15.072312898414893,1,0.2928773012762831,-0.4459959743165536,-2.2192245003003386
12520,120.3846153846154,45.4785475,9.2339385,16.834680000000002,Gianluca_Savaia,80,Stem,-1.4472618511980615,-0.3325347411021264,-10.011410442019375,-4.8452138493738,-5.504441792267675,-13.660172644869276,1,-1.3986801485883886,-0.051137047713633,-0.3170364267357115
12619,121.33653846153848,45.4785463,9.2339927,14.610428,Gianluca_Savaia,80,Stem,-0.8959149342003219,-0.0720740112417086,-10.507775260861443,-0.8953246879073857,-0.982570579320277,-10.34738793908451,1,0.1547508736429499,-0.0601238026545126,0.0988555053935993
12715,122.2596153846154,45.4785478,9.234041,13.725172000000002,Gianluca_Savaia,80,Stem,0.1295391263851932,-0.0684908441819347,-9.701451323382043,-3.1216414599220816,-0.2686949674822641,-5.9883676011156455,1,0.8014110881667147,0.4852988098669328,0.3792837963269413
12813,123.20192307692308,45.478552,9.2340828,11.810204000000002,Gianluca_Savaia,80,Stem,-0.2974628328133853,-0.1761574332455334,-9.683307917045124,7.605089638749153,1.7347633509238545,-0.3688899672016075,1,0.9585968199239424,-0.0110574727610941,0.3380648144693836
12909,124.125,45.4785513,9.2341313,10.976804,Gianluca_Savaia,80,Stem,0.2664801232672288,-0.3065320649325891,-11.504464056333658,0.9187000496546416,0.7275357833892162,17.367904701313762,1,0.8859732967309896,0.117535821622528,-0.6600529758933469
13007,125.06730769230772,45.4785433,9.2341685,9.31556,Gianluca_Savaia,80,Stem,-1.1663952602820036,-0.9059915944034208,-9.997219523046574,0.8380461250331903,0.2501157044113302,33.92775467383695,1,0.0980260081395587,0.0536591708032796,0.4893527620632003
13200,126.92307692307692,45.4785105,9.2342348,10.539732,Gianluca_Savaia,80,Stem,-1.0143646140366118,0.2679666806427051,-11.486671744708918,5.2364680724389645,-3.538853962396635,14.707121482389429,1,-1.1802286340446884,1.037921191910434,-0.5549898845649892
13299,127.875,45.4784775,9.2342583,13.276988,Gianluca_Savaia,80,Stem,0.8310802734366409,0.2853448972623226,-10.501642200283882,9.24537408507561,-13.798576512640324,29.12105394500546,1,0.1713799594124281,1.244305230585748,-0.9890569421626284
13397,128.81730769230768,45.478436,9.2342673,16.282784,Gianluca_Savaia,80,Stem,1.2211652641239037,0.5433095945702843,-10.19053271412372,-7.902526707368977,1.967019381441116,16.343797602272005,1,-0.4820709401342482,-0.2768768762106871,-2.4579791169946863
13689,131.625,45.4782803,9.234273,22.005464,Gianluca_Savaia,80,Stem,-1.3169560766053978,-0.8049021544118102,-11.518212186624186,-2.0091415166509234,-1.7062738395293071,-13.70863858098832,1,1.7636146392691288,0.1158478718828209,-0.7100726021246935
13785,132.5480769230769,45.4782248,9.234278,22.327712,Gianluca_Savaia,80,Stem,-1.635248360847846,-0.5276060629936526,-10.64803375529776,-4.695001710767092,-0.5266772163513322,-3.535922106699672,1,-2.0042303847315868,0.3141767193217471,-1.49498799131484
13883,133.49038461538458,45.478168200000006,9.2342872,22.63144,Gianluca_Savaia,80,Stem,0.3940559875122389,0.457344987331895,-11.191858782479011,1.9231695041721129,-0.5118613519201269,11.605856315044406,1,0.9307329780094156,-0.4101185406607501,0.0880697970599975
14077,135.35576923076923,45.4780505,9.2342978,23.268528,Gianluca_Savaia,80,Stem,-1.2200288134172892,-1.1785245118938916,-8.60282264859634,-4.718138866844789,2.1053429966897523,-10.527502505709574,1,-0.5778584437774746,-0.4598807320919981,0.0116593642042879
14272,137.23076923076923,45.4779307,9.234311300000002,23.2889,Gianluca_Savaia,80,Stem,0.3581859464062477,-0.5643725645843934,-10.341843000307382,4.846655600561209,-5.044985391420734,4.84895827017451,1,0.5018142324470252,-0.1859089675262395,0.8063957439721268
14564,140.03846153846158,45.4777667,9.2343112,21.127616,Gianluca_Savaia,80,Stem,0.011681294562229,-0.1868209919804475,-10.648881505288829,-5.214103831490719,-1.3785693575934133,-5.7188409155265445,1,-0.4261370059558778,0.3729039247640513,-1.527524973191838
14757,141.89423076923077,45.47765070000001,9.2343087,22.70922400000001,Gianluca_Savaia,80,Stem,-2.552744189822732,0.0008841938665925,-16.587542449171554,2.184099543545854,-6.674901598223215,-5.0726583855699765,1,-2.036578456689288,-0.2862507661928281,-6.200829291207856
14854,142.8269230769231,45.4775928,9.2343137,22.933316,Gianluca_Savaia,80,Stem,-1.1900438229482788,-0.9200408075982006,-9.670389376868131,3.157318389334632,2.283033622838108,6.795665294697503,1,-1.7570534611063855,-0.4045298780581658,-0.8916786741317004
15047,144.68269230769232,45.4774768,9.2343162,23.116664000000004,Gianluca_Savaia,80,Stem,-1.346893335095212,0.188821463114774,-8.282216789888594,-2.098979217056205,3.502392403174264,-1.9049322817400105,1,0.6631778018266383,-0.3866299545881717,1.5441156580215054
15144,145.61538461538458,45.47742,9.2343155,22.957392,Gianluca_Savaia,80,Stem,0.5638105594801741,-0.8051143541647772,-9.507677266237566,-11.71066731969178,5.7050130367061245,-22.362135484553704,1,-1.9382129374913897,-0.1444404991249673,-3.4704886783892435
15240,146.53846153846158,45.4773625,9.2343178,23.03702800000001,Gianluca_Savaia,80,Stem,-0.2336968223110324,-0.5281203395162802,-11.058577656886223,-6.751419100587534,-1.5499492020807628,-17.632600946426894,1,-1.138682060226487,-0.5285843601425956,-2.687179963680405
15435,148.41346153846158,45.47725,9.2343292,22.52958,Gianluca_Savaia,80,Stem,-0.5349130881068739,0.1286526856440273,-9.988715768834574,8.501520215386655,-3.2574029233828123,10.88838808601038,1,-1.2806662973952498,0.2564913168402546,-1.0143603641035597
15628,150.26923076923077,45.4771488,9.234319,19.703428,Gianluca_Savaia,80,Stem,-1.5168099481890729,-0.5699082790423906,-11.047948703264126,-2.4296095952806285,-0.1201447091506575,-4.124736750092587,1,-0.2946322930916603,-0.1461602591554275,0.5840250782076241
15725,151.2019230769231,45.4771108,9.2343123,15.830896,Gianluca_Savaia,80,Stem,-5.409263220171045,0.1270574861026991,-16.70033227836988,-4.060554290483407,-5.578602443232803,17.98828144198621,1,-3.1175285591100206,-1.8094862019371871,-9.994780805405837
15821,152.125,45.4770827,9.234305,11.152744,Gianluca_Savaia,80,Stem,-0.0487199668298974,-0.1735753756730872,-9.795065577919631,-0.2811148872326177,7.9760756815599345,4.870426067727089,1,-0.5532283383167342,0.6889839992911907,0.0489973681519657
15919,153.06730769230768,45.47706270000001,9.2342853,9.054428,Gianluca_Savaia,80,Stem,0.7607594353736324,-0.0736787809130278,-9.73338889936758,-2.102619234790024,5.845183666259687,8.928066062297647,1,0.3534583680014853,-0.1373854633449945,-0.0623393944114187
16007,153.91346153846158,45.4770443,9.2342563,10.50084,Gianluca_Savaia,80,Stem,2.1488613253440514,-0.7307901538088707,-11.09028515644182,0.295099572145415,6.993958238280289,31.87393751936614,1,-0.0875347633920213,0.0923925740424378,-2.1309294582848146
16105,154.85576923076923,45.4770315,9.2342205,11.456472,Gianluca_Savaia,80,Stem,-0.8190071810220645,-0.1167216919054406,-10.976820719900712,0.9401304573571414,0.0570445314064493,7.297638686577747,1,-0.5056897768277135,0.1692513259525546,-2.196317198443973
16201,155.77884615384616,45.4770247,9.2341753,13.43626,Gianluca_Savaia,80,Stem,3.401591754948279,-1.0877750709888043,-7.98285666958712,-4.344362573891753,5.5878426284156015,-1.889588416262474,1,1.207176437073031,-0.1637807332651427,1.8038453914141943
16297,156.7019230769231,45.4770235,9.2341173,15.080835999999998,Gianluca_Savaia,80,Stem,0.7798243045419428,-0.9160232237127244,-10.442927612061798,-0.1354822702566558,-2.151571363546336,12.360897376349635,1,0.3007892403339354,-0.5752246240158729,0.1682911273552179
16393,157.625,45.4770235,9.2340548,16.297600000000006,Gianluca_Savaia,80,Stem,-1.6014836784836812,-1.7518746786671324,-11.765298618025586,-4.834405686003358,-3.238627827569103,-14.476944550736151,1,0.399367636509496,-0.4202376124999481,-1.2211303076443871
16491,158.56730769230768,45.4770322,9.233984800000002,18.773724,Gianluca_Savaia,80,Stem,0.5107587696969829,-0.599270946240575,-9.85459899841484,-1.519327023868593,1.754454606602657,0.6073372246556277,1,0.7758081662855141,0.1142356988051841,1.2245472461654998
16588,159.5,45.4770307,9.2339067,20.703508000000006,Gianluca_Savaia,80,Stem,1.592703779138858,0.2337787013070935,-7.676270344293973,1.6149266418269308,2.6115737286437604,5.032992785234465,1,-0.2264730919787927,0.7844437774377486,2.098749500576792
16781,161.35576923076923,45.47701770000001,9.233742,23.107404,Gianluca_Savaia,80,Stem,-0.1692693659925912,-0.3605178542744069,-9.69713247212068,-1.1202140153472735,3.443534598252,-2.1136653711978908,1,-0.4375964594142964,0.1199624956395634,-0.3801020035412605
16976,163.23076923076923,45.4770108,9.2335667,23.014804,Gianluca_Savaia,80,Stem,-1.5554328913753883,-0.93705142783759,-11.248916085132516,-5.523686830105394,-1.3287642953196308,-5.710396295002355,1,-1.027705998134547,-0.0537764034606997,-1.804149533167616
17362,166.94230769230768,45.476991,9.2332375,19.897888000000005,Gianluca_Savaia,80,Stem,0.3672542441627575,-0.3763148828339818,-7.293053335744249,0.0781811912335603,-0.4309924890619649,-15.73778690843409,1,-0.0770971467627935,0.2331830422238187,0.4702758392196218
17460,167.88461538461542,45.4769848,9.2331542,23.042584,Gianluca_Savaia,80,Stem,-1.135217361465208,-1.344831581722164,-9.417693630114574,-5.4340703217592505,4.993110857793704,-4.966557118225583,1,-0.2383149768481929,-0.1371610000260892,1.4132425448061383
17555,168.7980769230769,45.4769713,9.2330698,23.211116,Gianluca_Savaia,80,Stem,-2.087430810399344,-0.4299255975758294,-11.239283875143396,-2.408613004939732,-7.169104192087818,1.4959774280101956,1,-1.166336372418912,0.191846364690326,-3.7431610579858656
17653,169.74038461538458,45.4769698,9.2329867,23.03888,Gianluca_Savaia,80,Stem,1.243540427377526,0.0489362933475465,-9.748950936908448,-0.1405967802073719,0.5708335101157971,-5.283153283976313,1,0.2801116316594527,0.2715621979819449,-0.3427387707498184
17845,171.58653846153842,45.476951,9.2328123,22.787008,Gianluca_Savaia,80,Stem,-0.7348910236837554,-0.4416345145073505,-9.460838404119787,-5.238309337834072,3.4956001579126426,15.390625605793948,1,-0.6788179493234556,-0.1375604590500944,-1.1873615332549878
17943,172.52884615384616,45.4769527,9.2327367,22.105472,Gianluca_Savaia,80,Stem,-0.015477973959992,-1.0134418171590849,-11.149028816245444,-4.981835991196758,-2.337394664830489,2.1528341902957004,1,-0.0941544877185658,-0.5029572473011038,-2.062031488965557
18137,174.39423076923077,45.4769607,9.2325738,23.3352,Gianluca_Savaia,80,Stem,-4.462365523107446,-1.4183379855188565,-16.228109984247894,-5.989733263533022,-10.87793193133635,-0.1236240348933641,1,-1.1356243268799453,-0.5054174042200997,-1.493503643561226
18233,175.3173076923077,45.4769817,9.2324932,24.277868000000005,Gianluca_Savaia,80,Stem,1.069679064273624,-0.0459403046378808,-9.420128676583538,-4.115171964349448,1.191109504739961,2.5905501165644846,1,0.0608177555498934,-0.2318973268740577,-0.3651753630591141
18331,176.25961538461542,45.4769813,9.2324113,22.42772,Gianluca_Savaia,80,Stem,0.0112621823610243,-2.4232520973144465,-17.313045514192428,-2.427041120081354,17.38713607843927,14.146558862336953,1,-3.6194528949423255,-0.0933313430330562,-7.076908959028847
18428,177.1923076923077,45.4769718,9.2323238,23.159260000000003,Gianluca_Savaia,80,Stem,-0.0868976067790514,0.4402808767796391,-11.573551382931258,14.94900415757208,-2.3015389100877552,23.070371290529472,1,-0.7080115086358794,-0.3945540991924724,-1.431745591839077
18622,179.0576923076923,45.4769767,9.2321537,23.635224,Gianluca_Savaia,80,Stem,1.6119105531644011,-0.7898488952988966,-8.497520969651454,-2.5905950741089443,2.363097842504009,-9.496671701348326,1,0.9531342203391012,0.0617782218767473,1.6254071567100823
18909,181.8173076923077,45.4769717,9.2319063,18.96448,Gianluca_Savaia,80,Stem,-1.6928594870691218,0.5051593576049606,-10.090968505763245,0.4469439474896335,-4.033736914344487,0.2315428663562025,1,-0.1449688677937812,-0.2453614633875497,-1.5570439742600133
19007,182.75961538461544,45.4769765,9.23186,11.319424,Gianluca_Savaia,80,Stem,-1.7909632216225813,0.1956499018681114,-10.094416536709367,-0.727506396574678,2.668922490042333,-1.0108233102870765,1,0.6491933753173553,0.2304975103323208,1.198078433461438
19103,183.6826923076923,45.476973,9.2318308,7.0987160000000005,Gianluca_Savaia,80,Stem,-1.355588053254814,-0.3133546021288881,-9.829403474810238,0.5022318185626817,0.1580494197758981,-0.2388463458123766,1,0.1176103076761772,0.0665625295246271,0.1403583544879723
19200,184.61538461538456,45.4769678,9.2318175,4.042916000000001,Gianluca_Savaia,80,Stem,0.2894303209563668,-0.7180002144946914,-9.239095733492078,2.316712040257669,1.2532754913964563,2.9103977199918214,1,-1.1208233740997646,0.2904518323642001,0.7884204204108851
19394,186.48076923076923,45.4769542,9.2317477,10.997176,Gianluca_Savaia,80,Stem,-0.3674622481222014,0.0150558116016334,-11.751141140039168,6.173469943536007,-4.300530230708193,7.714658580728438,1,-0.1135876054919899,-0.3389869332715329,-0.3657623509276284
19588,188.34615384615384,45.4769595,9.231651800000002,15.236404000000002,Gianluca_Savaia,80,Stem,-0.3869348127472518,-0.037266074239831,-9.804611310125996,8.909207129264766,0.1201400669009999,10.795431844654068,1,0.3132086786813036,0.2846301435943763,-0.0335410879815256
19686,189.2884615384616,45.4769583,9.231586,18.4737,Gianluca_Savaia,80,Stem,1.3645488259346568,-0.7160207365712867,-9.224871073075704,-13.521171774419429,1.1866679275296343,-14.502626125191302,1,0.0082513921096893,0.1342205030218388,-0.3298325993622519
19784,190.23076923076923,45.4769465,9.2315028,20.301624,Gianluca_Savaia,80,Stem,1.5257736920575151,-1.1198986603030685,-9.604911635383552,4.9991546205862445,-1.0139302586992054,-3.964265551896724,1,-0.3693099655516077,-0.2364177197902722,-0.2794643794784708
19881,191.1634615384616,45.476943,9.2314215,21.379488,Gianluca_Savaia,80,Stem,1.1493042688054051,-0.6165537929422656,-7.4744083827997425,0.22020248130167,-0.2725223520322779,-5.74097980928519,1,0.6640437022832186,0.5834605995802192,1.4536043416018014
20075,193.02884615384616,45.4769253,9.2312463,23.090736,Gianluca_Savaia,80,Stem,0.1011415050963812,-0.825332620635863,-10.577542794641726,7.651346092326393,2.367788792059457,2.229122255952939,1,-0.4174818999203418,-0.5254999508436992,0.6008835100282628
20174,193.98076923076923,45.4769213,9.2311625,22.375864000000004,Gianluca_Savaia,80,Stem,0.0233658510434596,-0.5667159489576691,-10.61777936252183,-7.199694252896756,4.0963880817856575,-0.6989430167496096,1,0.1205433782402076,-0.1077875333340732,-0.6827797067443644
20272,194.9230769230769,45.4769195,9.2310743,23.674116,Gianluca_Savaia,80,Stem,-1.2626834563130196,-1.0623899543948507,-9.711058981308716,-8.434546074705287,1.0090786472895807,-17.077588677779662,1,-1.5251677621321058,0.2409972832117302,-1.771807989555504
20369,195.85576923076923,45.4769315,9.2309958,22.861088,Gianluca_Savaia,80,Stem,0.0361529421587832,-1.0052166499272752,-9.909118801185553,-6.732189186103383,2.6446731426793058,-3.927437765702378,1,-1.8261758335825948,-0.5268829908512525,-1.4647722378489458
20467,196.7980769230769,45.4769373,9.2309092,23.424096,Gianluca_Savaia,80,Stem,0.510283088030822,-1.2168940812757971,-10.682200403490764,-4.226310881990018,0.7030217089009891,-4.85814375319129,1,0.4136618822019564,0.2070272315535468,0.0318664571747593
20563,197.72115384615384,45.4769348,9.2308227,23.65004,Gianluca_Savaia,80,Stem,-0.5236230247671168,0.066497189712442,-11.155127684966216,-3.8997491150194543,-0.6683565398236126,-2.9241777227441554,1,0.4420061751682625,-0.5460748921829496,-1.96695520589142
20662,198.6730769230769,45.4769275,9.230735,23.327792,Gianluca_Savaia,80,Stem,-0.0770382976207856,-0.5871560427226185,-10.422951225153689,-0.599598218849259,1.429381040520017,0.120272942517309,1,0.8739045738189275,-0.2325424386081468,-0.5414885259166358
20760,199.61538461538456,45.4769237,9.2306483,23.440764,Gianluca_Savaia,80,Stem,-1.2808580618248204,-0.0726297593440549,-10.280391815806537,1.9789950975353967,-2.4431247150038287,5.101410676184756,1,-1.1757135296329038,0.1995169270789094,-1.499748779242532
21051,202.4134615384616,45.47693579999999,9.2303968,22.531432,Gianluca_Savaia,80,Stem,-1.2571340526312569,0.3350020573733121,-10.987914007394084,3.206466256210313,-1.7967120727086248,4.306904415730329,1,0.3489899035940759,-0.0558464796222737,-0.7948779825291545
21150,203.36538461538456,45.4769368,9.230321,20.049752,Gianluca_Savaia,80,Stem,-1.3843354275125734,-0.3758461297250575,-10.704503843838332,1.9008331812699,-2.4704681886395137,-13.4265401283084,1,-0.2137463938663588,0.3937344044909622,0.1187090020272165
21346,205.25,45.47693220000001,9.2302067,13.665907999999998,Gianluca_Savaia,80,Stem,-0.94473319395146,-0.0137777633637595,-8.38058940199923,6.2436880837321365,6.549379678805401,7.222305244202253,1,-0.0763263747488177,0.2042848129290524,1.133221827178673
21638,208.0576923076923,45.476937,9.2300958,7.033896,Gianluca_Savaia,80,Stem,-0.2246909647817416,0.3612978872531452,-9.043917568436337,-6.610782795326951,1.081761050981803,-24.182479834800304,1,-0.0225100589368885,0.1374464383067508,-0.2081596030259885
21736,209.0,45.4769357,9.2300762,4.718896,Gianluca_Savaia,80,Stem,-0.4310873432789181,1.4035865717459477,-10.440434005407754,-1.3849219673430273,0.7240957321490118,-25.268995403868814,1,-0.1659982562870123,0.2631739198796312,-0.4642532120333378
21832,209.9230769230769,45.4769295,9.230068800000002,1.79644,Gianluca_Savaia,80,Stem,-0.8354417027552621,1.5103089548868305,-9.88030930798942,-2.02185762495716,0.2811439805070828,-0.0867680845722711,1,0.0067307575805186,-0.038537422070793,0.0484356240048189
21930,210.86538461538456,45.4769235,9.2300655,0.524116,Gianluca_Savaia,80,Stem,0.2041446783568132,1.4460055358702215,-9.755438992718588,-8.40142374577567,0.6656971094054169,-12.998772669292409,1,0.0097298884364469,0.0300878346374149,0.0001243868716365
22028,211.8076923076923,45.4769205,9.23007,0.6315320000000001,Gianluca_Savaia,80,Stem,0.0773140079751942,1.7574151979990726,-9.690723116730458,-7.8844362977388975,0.0320862003517392,-9.225636317221074,1,-0.0137944449755481,0.014156542642906,0.0047978563183015
22223,213.6826923076923,45.4769193,9.2300783,0.131492,Gianluca_Savaia,80,Stem,0.0455241179174594,0.8395531168261269,-9.796727458543028,2.9287467685674327,-0.379543552295539,2.8699978423862498,1,0.0149285385994151,-0.0440665661083939,0.0081076710673162
22417,215.5480769230769,45.4769165,9.2300768,0.188904,Gianluca_Savaia,80,Stem,0.0653659446873146,1.2597372275667729,-9.74121406873928,-2.2764968501893046,-0.0139676324424815,-3.6168846905365273,1,-0.0012281346780238,0.0016750737983972,0.0006621129816632
22515,216.49038461538456,45.47691920000001,9.2300768,0.270392,Gianluca_Savaia,80,Stem,0.0596523286287833,1.3820718546364366,-9.738633461196931,1.865236463875616,-0.2694350735541748,-2.287672640373697,1,-0.0055473252697408,-0.0095864889675265,-0.0053543139887946
22709,218.35576923076923,45.4769245,9.2300725,1.329736,Gianluca_Savaia,80,Stem,3.39698596292629,1.1867456486248422,-10.321276020420475,3.554589680154667,-1.5455524263418443,17.96038221200737,1,-0.3192901265741001,0.2177861890883465,0.023303664103329
22903,220.22115384615384,45.4769238,9.230016,9.837824,Gianluca_Savaia,80,Stem,0.3110412910600848,-1.3476571641126334,-10.468834628172653,14.415446768713078,0.3092530984856139,13.310528507735455,1,-1.1940983487921428,1.6804788321413613,1.1169062151837892
23001,221.1634615384616,45.476927,9.2299805,9.923016,Gianluca_Savaia,80,Stem,1.5896645983146858,-0.3863032244115414,-7.702430233931032,19.192892184159547,3.2100504161353776,10.974199611667212,1,0.4257163035439409,-0.5853345627810427,0.4255097656406717
23097,222.0865384615384,45.4769438,9.2299465,12.154676,Gianluca_Savaia,80,Stem,-3.2791461329402782,1.6321608887751144,-13.05573977942646,10.79734808042332,-2.934561673003282,17.16522855696865,1,-1.2987156142445466,0.2716592271712273,-3.607607859698844
23195,223.02884615384616,45.4769753,9.2299148,15.154916,Gianluca_Savaia,80,Stem,-0.1669699304498555,-0.1248063100316825,-11.7878415615414,-2.7977327952742046,-3.3258380686221303,-7.563960930793103,1,-0.950055049778208,-0.469817732103953,-2.3545135238180954
23291,223.9519230769231,45.4769617,9.2298438,18.925588,Gianluca_Savaia,80,Stem,0.33072430252375,0.4592038508649386,-10.150792366278097,-1.4685197572609097,1.4135305045861193,1.554302832809425,1,-0.233991758348416,0.0025669002834519,-0.4532793330836586
23388,224.88461538461544,45.47696079999999,9.2297685,21.338744,Gianluca_Savaia,80,Stem,0.8249446536916747,-1.2728982620918052,-9.456529521866274,-11.794923635201664,1.5812564728994143,-1.8883518482813424,1,-0.2596875903576592,-0.2184999917838428,1.2250117256056985
23484,225.8076923076923,45.4769538,9.2296882,22.499948000000003,Gianluca_Savaia,80,Stem,-0.63087562405047,-1.1084451977103429,-12.860302566225045,-3.3430333147768803,0.6326279592676993,-1.3838611960657738,1,-0.7180252684555617,0.2100280253675479,-1.5694402523465296
23583,226.75961538461544,45.476969,9.229625,17.766236,Gianluca_Savaia,80,Stem,0.0914934101269204,0.6725939149489221,-8.755365951256325,0.0429933357352876,0.5007894770335088,15.309439301354931,1,0.0363846514987644,0.434779222145224,1.0923191189050794
23680,227.6923076923077,45.476987,9.2295697,17.201376,Gianluca_Savaia,80,Stem,-0.574045659403805,-0.3024831132708247,-10.882691790700877,0.946915687148004,-3.7827294224038894,7.113774352992964,1,-0.435940265259657,0.0244017450677448,-0.9651728002046038
23874,229.5576923076923,45.4769763,9.2294033,23.961176,Gianluca_Savaia,80,Stem,1.0083201227636152,-0.9968231076969396,-9.703046944950716,1.6278371728151202,1.9564156680668208,-3.355212102054435,1,0.5327644102657781,-0.0100414368384288,1.324580347635104
23973,230.50961538461544,45.476957,9.229315,22.744412,Gianluca_Savaia,80,Stem,0.7565761741145052,0.286609269918913,-8.264333729757805,0.3770292089938119,3.5094128838273133,-3.701298143600973,1,0.6314915464791337,0.2258406396891774,0.6454341020944591
24071,231.4519230769231,45.476952,9.2292298,23.300012,Gianluca_Savaia,80,Stem,-0.3798604075527424,0.6001736450897039,-10.130442595921004,-3.5566084729456287,-0.8686222671391546,-6.798078357457556,1,-0.4070453059964372,-0.5952598046384818,-0.9823260501204648
24166,232.36538461538456,45.47693870000001,9.2291395,24.394544000000003,Gianluca_Savaia,80,Stem,-0.0530393865316592,-0.5319742585852676,-8.75047095953926,-5.180903467813242,-0.0524481230823319,-1.796238821360384,1,-0.4719148924752766,0.6447699669640845,-0.6058865160850679
24264,233.3076923076923,45.476934,9.2290488,25.135344000000003,Gianluca_Savaia,80,Stem,-0.0347646920265433,-0.5584321030414185,-10.362198882066997,-4.093580250829427,1.1121998194234912,0.3702548230479827,1,-0.6291948239843874,-0.12648622036594,-0.7051645129076647
24362,234.25,45.4769223,9.2289618,22.220296,Gianluca_Savaia,80,Stem,-0.2546256286574809,-0.907189681077527,-9.355334938706736,-3.510087339293701,0.476023305727797,-2.0083084214160483,1,0.0608640886308979,-0.1933753990490024,0.1392240313173935
24457,235.1634615384616,45.4769027,9.2288705,23.440764,Gianluca_Savaia,80,Stem,0.4294272842601936,-0.5743645466441236,-10.5880663886314,-2.4147441698495014,2.2683080366242243,-4.338713310405039,1,0.0234879376853826,0.4519271565320584,-0.7655162997080325
24555,236.10576923076923,45.476893,9.228781199999998,24.385284,Gianluca_Savaia,80,Stem,0.9484701921529282,-0.3159892641779346,-8.628039115269765,0.0426040541815417,0.1296762720576714,-8.331653622111258,1,-0.1405261050871693,0.3501700134866715,0.3252779044269189
24748,237.9615384615384,45.4768958,9.228614,21.596172,Gianluca_Savaia,80,Stem,-0.2549819376321858,-0.6154253950070295,-10.637245366615476,-2.104105046311127,-0.7303810608218672,-2.214393644408479,1,-1.004008186901698,-0.2465079842224407,-1.1206274788996886
24847,238.9134615384616,45.476894,9.2285292,23.461136,Gianluca_Savaia,80,Stem,1.9755287859811848,-1.2885762664989358,-10.16526285554256,0.2569922468915475,-0.0360108089743169,0.7688836697749246,1,1.5607400034583112,-0.023002447666947,0.6478664941657364
24946,239.86538461538456,45.4768982,9.2284547,22.877756,Gianluca_Savaia,80,Stem,-0.6302534604474067,-0.1469598761406638,-10.120952693454193,-0.9308085810780806,0.3340837951240565,-14.12893481807656,1,-0.2658654379244659,0.5856075619090799,-1.2240225761904728
25040,240.7692307692308,45.4768952,9.22837,23.94450800000001,Gianluca_Savaia,80,Stem,-0.0835950521254166,-0.0417750477826096,-7.878647615723097,2.83612491814704,0.4621728759713042,-0.6264697599692592,1,0.9362784213695406,0.4664153985510833,0.9129313866024118
25236,242.65384615384616,45.4768795,9.228193199999998,24.333428000000005,Gianluca_Savaia,80,Stem,0.4166824800612691,-0.3989407807772677,-10.028508579819954,3.7852143854344127,-1.941221889690245,-6.05974202226122,1,-0.0052524088265965,0.1006193356625231,0.2778870607401593
25332,243.5769230769231,45.4768783,9.2281062,24.681604,Gianluca_Savaia,80,Stem,0.6418815694207465,-0.7354740800690903,-9.726940428470844,-5.202856981895544,2.2243832569687663,-3.072268170222885,1,-0.3456963190075003,-0.1153138309286767,0.5923169836083435
25430,244.5192307692308,45.4768872,9.2280223,24.022292,Gianluca_Savaia,80,Stem,-0.011008099712616,-0.1081902029409888,-9.128376454096196,-0.1809859771737763,-1.5779994518224432,-5.804110253817451,1,-0.2261723537240449,0.3126275690260486,0.9079552730552242
25527,245.4519230769231,45.4768977,9.227951199999998,23.329644,Gianluca_Savaia,80,Stem,0.4826346687350639,-0.8074658716889243,-10.190463688044826,-1.5223520731704214,0.1489436726449584,-7.526980154727714,1,0.6628179265846236,-0.3658843412325813,-0.3199524724898772
25625,246.3942307692308,45.4769058,9.2278715,22.414756,Gianluca_Savaia,80,Stem,-1.120051603031155,-1.1870960201302945,-12.887482448731785,-1.867260728825156,-6.619209870414157,-1.989468313757052,1,0.2720028399122027,-0.6128701995865403,-0.9826621987174348
25818,248.25,45.4769008,9.2277008,23.809312,Gianluca_Savaia,80,Stem,1.6066879525664266,-0.0389709580126781,-6.7340106307430885,3.2846765382351464,4.394474655394261,-2.6485752677618684,1,0.4765518726749347,0.3995091419668237,0.9651089762996792
25915,249.1826923076923,45.4769123,9.2276193,22.796268,Gianluca_Savaia,80,Stem,0.1762760098938496,-0.6591591713494445,-12.429762825915768,2.1352785751610432,-4.6630036770412655,7.734045200459208,1,-0.2103670257514972,-0.0037551181702755,0.03758348265624
26111,251.0673076923077,45.476939,9.2274657,20.653504,Gianluca_Savaia,80,Stem,1.0440140517981933,0.0096957211953997,-11.017050865180687,2.360280188084631,-2.414532631705588,14.227854369080877,1,0.9551189552292932,0.3059459730170049,-0.2943034300684708
26209,252.00961538461544,45.476945,9.2273948,19.703428,Gianluca_Savaia,80,Stem,0.6373564596499672,-0.1380176478208912,-9.059817234863395,-0.4960690702914805,1.4956316752947716,-4.2528713818796895,1,-0.0389750608720851,-0.1640096135259985,0.2696729191679186
26305,252.9326923076923,45.4769432,9.227318,22.09436,Gianluca_Savaia,80,Stem,0.9844128548586092,0.0760499027247614,-7.713580927319567,3.45327033515499,1.5581673344153408,-5.748734111144064,1,-0.122671195395544,0.7017934375295949,0.6168193278740022
26403,253.875,45.47692979999999,9.2272402,21.759148000000003,Gianluca_Savaia,80,Stem,0.6559913846019991,-0.7722809659243445,-11.671131545700511,-2.502045847471906,-1.6585316797874174,-4.054398267142152,1,1.5086270678185982,-0.3421266323031705,1.1296968735914328
26598,255.75,45.4769185,9.2271048,14.901192000000002,Gianluca_Savaia,80,Stem,-1.1172958219417477,-0.1647184884110672,-9.939973247331787,18.91250901680648,6.9532145501245095,42.548229587687565,1,-0.6348420084137528,-0.205275010525829,-0.1004486200403516
26697,256.7019230769231,45.476926,9.227065800000002,10.354532,Gianluca_Savaia,80,Stem,0.7003267834471738,2.3854675147943194,-4.1975249856369095,12.260144777922337,8.649413624667442,26.02837576149403,1,-1.6851122185482683,-1.2377827145740143,0.0099228016898456
26795,257.64423076923083,45.4769483,9.2270477,11.736124000000002,Gianluca_Savaia,80,Stem,1.46429041323773,-0.1670346443908904,-11.049114667520945,-5.033207517552256,13.064380313168307,29.75492413306772,1,0.6213303947450517,-0.3409834167963951,-0.2626705278576633
26892,258.5769230769231,45.4769823,9.2270492,14.867855999999998,Gianluca_Savaia,80,Stem,-0.5548198158292388,-0.8295616753730511,-8.957939407280698,-13.593156962524205,2.5441538556496246,-22.083945744923373,1,-1.2967928219926277,0.4512121524210132,-0.5847171971614724
26989,259.50961538461536,45.4770178,9.2270567,14.441896,Gianluca_Savaia,80,Stem,1.372307156621947,-0.0430030967072069,-11.074477423868933,-8.062276685777018,11.202693468143496,-15.794512058915611,1,0.4724379082903161,0.1067657751057808,-1.0325558317805823
27088,260.46153846153845,45.477058,9.2270577,16.266116,Gianluca_Savaia,80,Stem,0.8329736010666182,-1.626720252372979,-10.3385737844798,-7.5231654353013875,-6.254935475085392,-30.10945924134044,1,-1.7843440396719026,0.3117093511724502,-0.6975493960735744
27187,261.41346153846155,45.4770975,9.2270468,16.534656,Gianluca_Savaia,80,Stem,1.8674060265036327,-1.4423873482500742,-1.6914018371233277,-1.6007405383664874,6.152355788004785,-23.900909520850853,1,0.1923824122153164,0.4558765028184675,5.990350830578912
27282,262.3269230769231,45.477147,9.2270365,19.449704,Gianluca_Savaia,80,Stem,2.402449939859919,-1.3860002198606929,-10.248114016591348,-2.7673813130196416,8.886138759094749,-11.111565362961096,1,3.0888645842181104,0.4198433808179562,7.347923737172444
27380,263.26923076923083,45.47719179999999,9.227021,19.403404,Gianluca_Savaia,80,Stem,-0.3096702384478342,1.1132622625110535,-13.004266503264803,17.10343225924444,-2.151682099435168,20.82676158778016,1,0.9991236357189368,0.4188942185603324,-1.4678069880536262
27477,264.2019230769231,45.4772542,9.2270163,22.329564,Gianluca_Savaia,80,Stem,0.6236574124960703,-0.8168341172231376,-7.236926780113658,-7.545382422014088,1.130224331717839,-24.800581368107675,1,1.0495920794524534,0.4721815372340198,3.824165530199921
27574,265.13461538461536,45.47729870000001,9.2269957,20.855372,Gianluca_Savaia,80,Stem,-1.0998833822299767,-0.7466876414453504,-8.955386685689456,7.197170112344344,-12.673453339206104,8.364905875470676,1,0.3511684588733335,-0.5119005650560184,5.690307608309972
27672,266.0769230769231,45.477352,9.2269855,21.518388000000005,Gianluca_Savaia,80,Stem,0.2514276516792181,-1.9301432091906725,-11.651884719247338,-5.007976406442894,11.228357953902426,-17.57802926558097,1,-2.0800337006806453,-0.9746536208509724,-2.182243220577895
27767,266.99038461538464,45.4774053,9.226981,21.040572,Gianluca_Savaia,80,Stem,-1.4578958742935084,-0.950745884753779,-13.598147512157407,-14.36392604349193,2.44891745816684,-20.76780558485395,1,1.3054879546353018,-0.0256814090761633,2.0213172243406152
27963,268.875,45.4775335,9.2269882,23.938952,Gianluca_Savaia,80,Stem,0.6414478636899914,-0.0266026591414789,-10.668723089028497,7.561800667841703,0.1366834877214309,11.229535039085896,1,-0.4191039303124751,0.0483974879115185,0.0575173786133458
28058,269.78846153846155,45.477584,9.2269808,21.403564000000006,Gianluca_Savaia,80,Stem,1.0894898941331483,1.32359467104149,-7.444536172419452,-5.464621528819113,14.267366701838794,-2.810031298885624,1,1.8233919829739549,-0.3132009403708089,12.619976879850466
28156,270.7307692307692,45.4776222,9.2269638,19.275616,Gianluca_Savaia,80,Stem,-0.3683274318680581,-0.6612229534575814,-10.197607311487731,-8.93126449720075,4.49567857217412,-15.466932684944627,1,0.1618988301276131,-0.7901073878955478,0.5312741245800758
28254,271.6730769230769,45.4776682,9.226948,19.66824,Gianluca_Savaia,80,Stem,1.7733040099929238,-2.557913890763159,-14.842378186283364,-4.718647539947972,-6.4723164922838565,-15.363477833651247,1,5.867359142018657,-0.7272303802805269,4.130918199727114
28349,272.58653846153845,45.47772670000001,9.2269227,22.851828,Gianluca_Savaia,80,Stem,0.5686738816116552,-1.1469815160596828,-10.501375576053244,13.279436788931775,-0.2343630117846915,12.172935907702012,1,-1.475547191984683,-0.225710394884772,-5.2229724255831576
28447,273.52884615384613,45.477776,9.2268897,21.135024,Gianluca_Savaia,80,Stem,-5.437104805478136,-0.802280332904533,-13.96159336126568,5.666998426582482,-18.7851636522975,16.858864824923295,1,-0.5452583416224881,1.2719834782448791,0.8099134247455186
28545,274.47115384615387,45.4778118,9.226846,21.240588,Gianluca_Savaia,80,Stem,3.49582933061626,0.6639176854648846,-13.09907316828174,8.038244936458675,-7.415408154003526,5.37990472544324,1,-0.0123207222812697,-0.2684152000908602,-0.6097446442213741
28738,276.3269230769231,45.4779348,9.2268322,21.940644,Gianluca_Savaia,80,Stem,2.1380502865521063,-1.0666185311649088,-10.793859228239633,-7.162879428582183,-1.101495801166588,-14.513464770664616,1,1.1153025663094147,-0.1499373837506999,0.5258679360844951
28837,277.27884615384613,45.4779865,9.2268157,21.846192,Gianluca_Savaia,80,Stem,1.2265996409329971,-0.6634123918287383,-9.486867903516696,-5.285088387666732,2.401249504232574,-14.618661925219266,1,0.8733297580332466,0.2297868157585847,0.7189424083168401
29030,279.13461538461536,45.4780917,9.2267772,21.496164000000004,Gianluca_Savaia,80,Stem,-0.522432925769341,-0.677127946206751,-13.352881689671335,-3.510925427493505,-3.49544450539345,-10.24068195021865,1,-0.9130142142676144,-0.7194483834381021,-1.8237957829911584
29226,281.01923076923083,45.4781983,9.2267357,21.990648000000004,Gianluca_Savaia,80,Stem,1.1039953099029127,-0.3837737088132361,-10.240731089780946,1.7430517324038943,-4.112702686483056,-10.622789294488108,1,1.2693198297251365,-0.6006098226801364,0.3658340275494058
29321,281.9326923076923,45.4782605,9.2267147,22.77034,Gianluca_Savaia,80,Stem,-1.0386776576604233,-0.5556661951883034,-13.371792097008257,9.868028854646813,-8.661525764970039,9.037370086153894,1,-1.4483557619670269,-1.5592239354924686,-6.131827235541133
29517,283.8173076923077,45.47837620000001,9.2266638,22.762932,Gianluca_Savaia,80,Stem,-2.988626555375088,1.6642365240298873,-10.979840125506854,3.6505150933404167,-4.114293682956991,-11.160950635244731,1,0.4272402432799809,-0.1506118262013815,0.4033017791353544
29710,285.67307692307685,45.4784845,9.2266,22.55736,Gianluca_Savaia,80,Stem,3.024894966927472,-1.6193709011466937,-9.143131238496686,-1.3406458505613648,3.1633170877024552,-4.031074133376114,1,1.294369511671933,-0.6423006174861141,3.0659532065001738
29806,286.59615384615387,45.4785407,9.2265717,22.39994,Gianluca_Savaia,80,Stem,0.9486289339910154,0.7606025235305877,-12.034234447415486,-5.215692011791602,3.192741503241012,3.1307881292847783,1,1.0707744451474617,0.4005012751775737,0.2398189772619297
29905,287.54807692307685,45.47859879999999,9.226545300000002,22.851828,Gianluca_Savaia,80,Stem,-1.929280330340901,-0.5986952857529652,-11.121207589174464,2.146429309279915,-5.474884750155423,-0.4154522931007594,1,-2.2877026351856173,-1.4375390749207058,-1.4609602096344485
30003,288.49038461538464,45.47865720000001,9.226524,22.981468000000003,Gianluca_Savaia,80,Stem,2.4920247079579805,-0.0257237529357532,-6.126108333860405,-5.959008785906803,-5.7423603412240185,9.222524763571124,1,2.964026367993495,-0.040627442628482,1.6004767908264377
30098,289.40384615384613,45.4787157,9.2265068,22.994432,Gianluca_Savaia,80,Stem,2.784979422941118,0.1389954657495217,-8.994957577059669,-1.0786506524711117,1.1319913373722468,-8.90400843364263,1,0.5677767592593571,0.4237301862418539,2.289448140336216
30294,291.28846153846155,45.4788368,9.226488,23.390760000000004,Gianluca_Savaia,80,Stem,1.457267790141896,-1.0515314196509855,-8.39494160670668,-4.474250976837838,-10.731832585064357,-33.78296905133537,1,-5.534123929659642,0.7968188794549025,-1.01367032324874
30390,292.21153846153845,45.4788973,9.2264908,22.20548,Gianluca_Savaia,80,Stem,1.7849028100110302,0.7466310126977399,-7.026878841318371,-7.401159736994699,7.354227832452325,-18.190083449087407,1,0.4795150201393523,-0.0508554433181547,2.088566896606949
30583,294.0673076923077,45.479,9.2264887,18.48296,Gianluca_Savaia,80,Stem,0.8228245628547859,-0.4807088970543422,-16.261907236757715,-7.283044153983532,-13.824012729149713,-10.544937395612616,1,0.3872070582458001,-1.557585300567902,-7.671852733083581
30681,295.00961538461536,45.4790452,9.2264963,16.188332,Gianluca_Savaia,80,Stem,-1.264152528623773,-0.3495193215866522,-9.990407863519447,-6.020339689147552,-1.7542985562196076,-23.56823040284085,1,0.3101399231830801,0.1448633019785221,2.554030714255033
30779,295.95192307692315,45.4790815,9.2264972,13.67702,Gianluca_Savaia,80,Stem,-0.6760795053143813,2.024827629188347,-10.845054754660596,9.084378710315937,-3.3996264166187284,2.3559543870997146,1,-1.1300208171721913,0.0208362977133735,-0.8235262625702156
30973,297.8173076923077,45.4791277,9.2265042,7.276508,Gianluca_Savaia,80,Stem,0.2327089330687337,-1.115999241629566,-8.298919543721393,-1.029782539603146,-8.480058929213628,-32.16523720312694,1,0.2315015976453612,-0.3731198899085931,0.7614414938428506
31072,298.76923076923083,45.4791477,9.226527699999998,7.569123999999999,Gianluca_Savaia,80,Stem,-11.52567221498217,0.7168557513474956,7.8431849077739155,8.354884172066582,7.813708025270997,45.81119203118308,1,-7.821828057537107,1.4734832447652195,-3.154308201611113
31170,299.71153846153845,45.4791608,9.2265655,10.319344,Gianluca_Savaia,80,Stem,1.422993382492031,-0.7355448206704486,-9.710867732115224,-15.969952349351072,11.704671750890087,-8.264930255377687,1,-1.6133432636589131,-0.0464101200328879,-2.24140391951158
31266,300.63461538461536,45.47917,9.2266202,13.249208,Gianluca_Savaia,80,Stem,1.575258459755311,-0.5078774277066799,-8.592808854622612,-3.1163264679213745,1.7539740800381676,-14.8994836341615,1,1.3599950893705397,0.2347772218754831,0.9715333477627848
31364,301.57692307692315,45.4791737,9.2266787,15.904976,Gianluca_Savaia,80,Stem,1.6984090850409437,-1.3536228180904497,-9.06595614635607,-13.652117584636564,3.718630019283813,-11.787442018797538,1,1.7679553418099443,0.1224942359462386,2.07283366826781
31463,302.52884615384613,45.4791748,9.226742,18.166268,Gianluca_Savaia,80,Stem,0.8810651989652754,-0.7909369723491738,-10.8512596913742,-1.3194497936334324,0.7237280998319582,-17.205348231627458,1,0.937831073629606,-0.1277599589187276,0.1157192773341542
31657,304.39423076923083,45.4791823,9.226890199999998,21.109096,Gianluca_Savaia,80,Stem,0.5140830938155738,-0.7242961795129896,-10.15823548073936,-5.017690122900689,-0.7425016421476855,-3.952798785685456,1,-0.4133517038800102,-0.6858824947901102,0.0510406066114512
31756,305.34615384615387,45.47918129999999,9.2269672,21.929532,Gianluca_Savaia,80,Stem,-1.0138085369492147,-0.8667024341384078,-10.766979272001429,-2.7984266243168654,0.7139510136482379,-1.7761670760424524,1,-0.0915812113510132,-0.7488255818000865,0.4193124690323167
32048,308.15384615384613,45.4791895,9.2272078,22.866644000000004,Gianluca_Savaia,80,Stem,-0.0410769177789336,-0.1425983083146623,-9.85650667325246,-0.5746085905241669,3.4497125012746315,-9.616716527687212,1,-0.2372328109898017,0.0725624569880312,-0.1399366215781548
32147,309.1057692307692,45.4791907,9.2272893,22.814788000000004,Gianluca_Savaia,80,Stem,0.3462899607573501,0.3293499547075723,-9.18862778621326,5.589720616965186,-1.6609051758685678,13.357220876981664,1,1.1745295031682836,-0.0789077913911565,1.912086489549992
32243,310.02884615384613,45.47919570000001,9.227364,22.005464,Gianluca_Savaia,80,Stem,0.111152320359072,-0.6980057276885117,-11.388881324004515,2.2358051071161444,-1.6993045420845023,0.4045105493195997,1,1.0638218130839423,-0.84018831693664,-0.4108571593157695
32341,310.97115384615387,45.4791965,9.2274463,22.375864000000004,Gianluca_Savaia,80,Stem,-0.3417678350668559,-0.5821283803826934,-9.484861520847486,3.2844550457385053,-2.93862922617108,-2.776863375322816,1,0.2636293302778829,0.6019552912762002,-0.3054590821843526
32440,311.92307692307685,45.479195,9.2275268,22.29808,Gianluca_Savaia,80,Stem,-0.7478050137077239,0.1653949847192259,-8.15588946254466,2.85799118043576,0.6912207010378655,-3.041523283508268,1,-0.5466309342816614,0.4081656250826623,0.5932472937008111
32830,315.67307692307685,45.4792078,9.2278485,22.507356,Gianluca_Savaia,80,Stem,-1.768548122494972,-0.0971777494720687,-10.513649086531306,3.3498149279176417,-5.989879276658906,0.7789760114671753,1,-1.5639449833995371,0.3453370437222706,-0.099728244518749
33121,318.47115384615387,45.4792117,9.2280845,21.990648000000004,Gianluca_Savaia,80,Stem,-3.3554111490588308,-0.3451693958485481,-9.709713595888974,1.6009934705019573,-4.675815197156002,-10.166310934462606,1,-1.1600604756309163,0.0499455083158609,-1.5311525678559832
33318,320.36538461538464,45.4792117,9.228184,10.045248,Gianluca_Savaia,80,Stem,-0.1031875972482344,0.9999219632506404,-9.11282012824604,-5.264545776045705,4.661668079140418,-14.116922916000895,1,0.8241394910522424,-0.0723386322622203,0.7276754197269675
33417,321.3173076923077,45.4792158,9.2282115,7.687652000000001,Gianluca_Savaia,80,Stem,-0.857055262051428,1.3315815752319584,-9.1395195967123,-4.9197485183024,-0.1053660122029129,-24.870724863855727,1,0.7191387772729296,0.3326113335435372,0.3325289855388007
33512,322.2307692307692,45.4792228,9.2282292,5.563407999999999,Gianluca_Savaia,80,Stem,1.732206779985238,2.3328398725980333,-9.70194011100782,25.792841425373176,-0.9746076907232486,38.57102699160272,1,0.389876339425635,-0.0464140648937472,-0.11738954001909
33904,326.0,45.4792385,9.228396,15.827192000000002,Gianluca_Savaia,80,Stem,1.4467607324603322,-0.0656785208985273,-9.177054029752316,3.797023757331732,-1.2883686461109356,-8.42639035447608,1,-0.1608533168763464,0.4205653784328593,0.6710738501828555
34101,327.89423076923083,45.4792403,9.228535,19.370068000000003,Gianluca_Savaia,80,Stem,-0.5773368183095906,-0.2592221150932429,-10.657227454495509,-5.870572145502652,-1.952586717099164,-1.98898873508324,1,-0.4447062398570068,-0.0077652095726897,-1.3678949219456236
34295,329.75961538461536,45.4792352,9.2286945,21.722108,Gianluca_Savaia,80,Stem,0.6203449891097252,-1.2410885107393828,-9.919928506191914,-10.703530147932872,4.809676935057741,-16.81024846392972,1,0.2836710918302135,0.1895844374993244,0.1245566465732093
34588,332.57692307692315,45.479237,9.228937,22.814788000000004,Gianluca_Savaia,80,Stem,1.0714243244516757,-0.2565508396902853,-9.538933148031132,3.4665407334625327,-2.296164821606532,-3.4054936664329487,1,0.5242102785057676,-0.1968824352924565,0.0736405782010987
34979,336.33653846153845,45.479243,9.229270199999998,22.559212,Gianluca_Savaia,80,Stem,-0.7182460457573456,-0.7215519731353126,-10.787420335737224,0.8299649492688229,8.467784628472797,-8.47824068840536,1,-0.8261183850996562,-0.5118250694443981,0.3652025280199549
35076,337.26923076923083,45.479243,9.2293473,20.801664,Gianluca_Savaia,80,Stem,-0.3266709210871719,-1.0193277148295812,-10.322469032219804,-0.8513314719900729,-1.1098045820722784,0.9079470864913372,1,-0.1344761081869779,-0.7561858137250584,0.1745722901456261
35371,340.1057692307692,45.4792403,9.2295208,13.932595999999998,Gianluca_Savaia,80,Stem,-1.8542677681508184,-0.1339110801052818,-10.374464496581354,4.153646392903752,1.6914972248997362,6.639903347766523,1,0.375013806365071,0.0074001717645418,-0.6478353491777096
35467,341.02884615384613,45.47923770000001,9.229556,10.373052,Gianluca_Savaia,80,Stem,-1.410034152896028,0.7487259353876804,-9.413793529949928,5.848313009892722,3.9574554507423687,13.867486579649835,1,-0.5793857338320632,0.3269038914095412,-0.2692402251179278
35566,341.9807692307692,45.4792303,9.2295868,9.654476,Gianluca_Savaia,80,Stem,-0.7085239903076941,-0.9915121272504288,-9.368970623853498,-11.758794176452817,0.6474141061924374,-17.750976744714205,1,-0.3022451614581112,0.3892430578623516,-0.2897484771292866
35664,342.92307692307685,45.4792185,9.229624,10.7879,Gianluca_Savaia,80,Stem,2.4549733969837337,1.543225959581887,-1.6584034603298117,3.564818554335901,30.47225178540328,-4.15614184031202,1,0.8224946283451355,1.2413499576717997,7.02723146581336
35762,343.8653846153846,45.47921420000001,9.2296708,12.501,Gianluca_Savaia,80,Stem,-0.4247090909917184,-1.7428949718157525,-12.476519059758155,15.779242090673234,-2.1337174983149976,-15.936264981109757,1,-0.402767595530416,-0.3529434935253777,1.3353213396771704
35858,344.78846153846155,45.4792135,9.2297157,11.971328,Gianluca_Savaia,80,Stem,0.5979627682164026,0.3008659639578257,-6.472425334924051,3.6612775837993055,-4.769573583338171,-12.24437787618967,1,1.5589095511420004,1.2056848670449691,1.0435528859784329
35957,345.7403846153846,45.479211,9.2297505,9.821156,Gianluca_Savaia,80,Stem,0.4109109287513936,-4.983481239812696,-10.307310418263102,-19.76262542834492,9.971670442083326,-45.841839246376296,1,0.8543749028391081,-0.3831695441373641,-0.6743862535164844
36055,346.6826923076923,45.4792032,9.22978,8.332148,Gianluca_Savaia,80,Stem,-1.5488894216056752,1.4422523599865995,-9.465398442772088,-8.049702850477473,5.7456389262229575,-24.53436622550925,1,1.7713745501035083,1.4411776058384584,5.960299722941683
36153,347.625,45.479195,9.2297992,6.469036000000001,Gianluca_Savaia,80,Stem,-2.8513401470835325,-0.7740869430232149,-10.219563505504636,-16.275799426807403,0.3135789489475229,-56.91505261269523,1,0.1984117608524562,-0.2828080849729901,-0.0766501972221558
36250,348.5576923076923,45.4791965,9.2298213,3.8206760000000006,Gianluca_Savaia,80,Stem,-2.114769728477725,0.9200402796042316,-8.58492903370978,-11.284999813622123,-5.997776421225757,-16.760283435402037,1,-0.620846289992419,-0.1970977655980816,-0.2004387399642944
36544,351.3846153846154,45.4791852,9.2298335,0.22224,Gianluca_Savaia,80,Stem,-0.963574512403346,0.2690891205687966,-9.816069081903963,-0.503049689978603,-0.33256593681525,-5.232172977155412,1,-0.0192626375467756,0.0473337723469229,-0.0216212628009397
36739,353.2596153846154,45.479182,9.2298418,0.122232,Gianluca_Savaia,80,Stem,-0.9823788090210916,1.4464768478789014,-9.724239416510713,-4.593179810286213,-0.4431676954537309,-4.710945182618025,1,0.0028377527418202,-0.0462870022120416,-0.0053581204279549
37226,357.9423076923077,45.4791722,9.2298727,0.516708,Gianluca_Savaia,80,Stem,-0.9548435079363412,-0.7638797530546831,-9.773232541202882,0.4405948663716169,-0.2997137043083153,-0.9263086446394748,1,0.0157068047870871,0.0358373333793253,0.0335658107313481
37522,360.7884615384616,45.4791698,9.2298927,0.7611720000000001,Gianluca_Savaia,80,Stem,-1.0771054537681837,0.545759202794513,-9.724713120722315,2.142915556196465,0.6984105631525095,-6.54882969745134,1,0.0033975765337006,-0.0474916309619048,0.0013916719383466
37815,363.6057692307692,45.4791662,9.2299052,0.392624,Gianluca_Savaia,80,Stem,-1.1878626791930045,0.877573166087189,-9.718444380134232,-5.272197147095317,-0.7194789478188541,-7.085798883659607,1,-0.0069884173722718,0.0168235623414797,-0.0025509591496373
38108,366.4230769230769,45.4791663,9.229928,0.2315,Gianluca_Savaia,80,Stem,-1.2817184864937416,1.2547994616465197,-9.662218496453614,-1.4582962590730046,-0.5524222774748377,-0.5804390531135404,1,0.0016889757180711,0.0031384192705081,-0.000626171022656
38499,370.1826923076923,45.4791693,9.229946,0.235204,Gianluca_Savaia,80,Stem,-1.3784838015259109,1.5280058739272198,-9.601855992557129,1.5040168842338772,0.197898658622734,-2.3866277572758667,1,0.012302214997125,0.0058360434964208,0.0041546469265068
38792,373.0,45.4791738,9.2299603,0.288912,Gianluca_Savaia,80,Stem,-1.6210394554003504,2.2472022426646032,-9.466623847256797,2.709444664177054,0.7857007630485668,-3.170317988267932,1,0.0199090757509585,-0.0088532914516239,-0.0021263588826982
39086,375.8269230769232,45.4791745,9.2299563,0.19446,Gianluca_Savaia,80,Stem,-1.5076401370207329,1.7300747400859142,-9.575993172519237,1.3462652326335969,0.5369562076969228,-3.493484293999664,1,0.0066477411400629,-0.0106794424843439,0.0077137234754562
39183,376.7596153846154,45.479176,9.2299573,0.02778,Gianluca_Savaia,80,Stem,-1.2423921977465089,1.0522987324065332,-9.666420650779756,1.8609648485090369,0.4329176465993321,-1.5151937248887135,1,0.0021780242036886,-0.001934666255992,-0.0025014897848283
39573,380.5096153846154,45.4791798,9.2299722,1.700136,Gianluca_Savaia,80,Stem,1.3090194104283916,0.9576331399036128,-8.803101079122094,14.166301192069447,9.774016078161493,38.64309416764736,1,0.3419932141983284,0.0036560565448744,0.6601127110754152
39766,382.3653846153846,45.4791778,9.2300103,7.945080000000001,Gianluca_Savaia,80,Stem,1.882320246564116,1.8493803195606229,-10.428019052050132,4.37565937082446,-4.711249383869314,40.65650708412818,1,-0.5703234435489482,0.483768848833215,-3.598252259599069
39864,383.3076923076923,45.4791807,9.2300477,10.976804,Gianluca_Savaia,80,Stem,6.7568390558627,0.3080100849237437,-1.88840327523436,21.3829523463874,20.41917331809792,51.07830194915027,1,10.141861300269,-0.9396821516119244,22.06001070927357
39961,384.2403846153846,45.4791818,9.2300908,13.386256,Gianluca_Savaia,80,Stem,11.29321234811692,0.8209014909854545,10.195776108897126,15.537475104884384,31.243123963254085,-28.82655987248605,1,5.717782196678488,0.2175550982880542,11.999865455273309
40058,385.1730769230769,45.479177,9.2301392,13.8437,Gianluca_Savaia,80,Stem,1.7949495208507664,-0.9864089807067368,-6.399558619279057,3.3509538163729684,36.44879031372994,2.7514461661703344,1,-1.2641368484679525,0.2479061260855596,0.4130004049030401
40253,387.0480769230769,45.4791615,9.230198199999998,6.4875560000000005,Gianluca_Savaia,80,Stem,1.8166269681222085,-0.8346530066885575,-11.851827614843785,9.149236999415985,20.029904653853976,95.31694193162838,1,-0.0992099028215922,-0.0078099845846573,-0.1677160784702316
40353,388.0096153846154,45.4791458,9.230215199999998,7.296880000000002,Gianluca_Savaia,80,Stem,-2.600183954659653,-1.0606686137529404,-8.858673186187621,-22.748727645261827,-21.163280711246152,-37.16618502355809,1,-0.6158514117830403,-0.0502314440293958,-1.0423525642379348
40450,388.9423076923077,45.4791295,9.2302305,8.289552,Gianluca_Savaia,80,Stem,0.0234545752448544,0.8376306040405131,-11.107649148557185,1.6601118786791362,-3.550897201197158,6.345115615310759,1,-0.4386618262495979,0.2285037745402889,0.8869416971497515
40545,389.8557692307692,45.4790982,9.230233300000002,11.021252000000002,Gianluca_Savaia,80,Stem,1.1820972132732792,-0.738808280730353,-10.590187646320926,-8.64193952775754,3.946916137224709,-14.583622070206196,1,0.7987536756805732,-0.1431959053301876,1.2272237982852978
40643,390.7980769230769,45.4790563,9.230223,14.901192000000002,Gianluca_Savaia,80,Stem,-0.235515060364357,-0.7689706699731108,-10.134034448457983,-5.180458137809503,-2.1717698648055395,12.017950423551197,1,0.3272163555730293,-0.2133070852120152,1.1717122567809604
40742,391.75,45.4790055,9.2302213,18.78854,Gianluca_Savaia,80,Stem,-1.1930299161395164,-0.4955903242855458,-11.35289149421069,4.665297098993027,-8.460163990859067,-10.27697657472908,1,0.1534226530936495,-0.2803824638943128,-0.4932598250368177
40838,392.6730769230769,45.47897570000001,9.2302363,14.664136,Gianluca_Savaia,80,Stem,-1.863547244349124,-0.2552461342766637,-12.922710125397328,-5.20732758933442,-3.0405391745371304,-4.355337183775938,1,-1.5454194874700196,0.3047150357676729,-3.761533421371148
40936,393.6153846153846,45.4789365,9.2302395,14.706732,Gianluca_Savaia,80,Stem,-2.529477344230545,-0.7413177039209167,-7.04090634369205,-10.528705409108394,-2.9274919869622367,-27.034926686062413,1,1.4868733946921746,0.6108940912642651,3.558961789996536
41229,396.4326923076923,45.4787842,9.2302427,18.25146,Gianluca_Savaia,80,Stem,-1.5988280194938391,0.0486308421654361,-11.184718162564382,-0.8029405781542964,-6.129360994831934,8.292685169197256,1,-0.9937618248687148,0.0820382516141891,-3.1064555733728145
41327,397.375,45.4787282,9.23023,15.879048,Gianluca_Savaia,80,Stem,2.1801358700161795,-0.8818187624748897,-8.250336666890583,-2.323554885430484,4.716704128967129,9.826759871556488,1,0.0460273110594897,-0.8235321860443887,-1.4426557254026804
41425,398.3173076923077,45.4786907,9.23021,14.393744000000002,Gianluca_Savaia,80,Stem,-0.4650711796959734,-1.0698003639489706,-10.43125311645008,-8.32029137881269,2.799516157408428,-11.058829822392562,1,-0.6500765919643958,0.1968377466446182,-1.4260073020589967
41521,399.2403846153846,45.4786607,9.230206,11.191636,Gianluca_Savaia,80,Stem,-1.7095766794613514,0.4363229243759176,-12.367707689520389,-1.0774573434588843,-1.61155893877247,-18.586558297022584,1,-0.7615569979598246,0.3157993214608116,-2.1507083563678493
41619,400.1826923076923,45.47862429999999,9.2302037,10.645296,Gianluca_Savaia,80,Stem,-0.6007564391726911,0.5788265491756783,-9.088574861646604,-6.301744054028562,0.2241068044319538,-22.22433173954182,1,0.171611908795317,0.0424659659438121,-1.1111003757617377
41718,401.1346153846154,45.4786027,9.2302142,8.580316,Gianluca_Savaia,80,Stem,3.1256603599984705,-0.3925195355482824,-11.459891342593574,2.370027245680272,3.0534518062072795,-22.31820751854243,1,0.719002600611125,0.073932656160028,0.9778221880049324
41814,402.0576923076923,45.4785835,9.2302363,9.430384,Gianluca_Savaia,80,Stem,-3.835912472302701,-0.3971702676786668,-17.097475879645412,9.598271566814072,-30.591763970480716,11.310435157756777,1,-0.5433182971010146,-0.9695255630127972,-3.2320988296119832
41912,403.0,45.4785735,9.2302715,10.756416,Gianluca_Savaia,80,Stem,1.0356410703009606,-1.0304099531462283,-9.704626315196842,-14.409503955382952,5.254367238632744,-36.28845053751876,1,-0.7458751634237317,-0.6171792344481559,-0.0608464931518
42011,403.9519230769232,45.4785698,9.2303117,13.276988,Gianluca_Savaia,80,Stem,0.029523926038371,-0.6108441005645184,-11.693969891344643,-2.8615787385352496,-2.2318127572614657,-7.337985505700869,1,0.0195306466505346,0.0575004305201364,-0.1049305651316192
42106,404.8653846153846,45.47857120000001,9.2303667,15.654956,Gianluca_Savaia,80,Stem,0.7833690540420812,0.8584942870549855,-9.384099087711489,5.454268017612983,1.932332443931076,-5.053632626758417,1,-0.8732179071832771,0.2490407652121329,-1.8057898957863785
42303,406.7596153846154,45.4785705,9.2304915,18.95522,Gianluca_Savaia,80,Stem,3.410998812332862,-0.1577687483487637,-8.905531603771148,-9.16358072863931,8.746497565183923,25.249378553052303,1,0.2272149725506453,-0.0084667559515645,2.0620725860347093
42402,407.71153846153845,45.4785652,9.2305565,20.077532,Gianluca_Savaia,80,Stem,1.1894733106604003,0.6378248200465332,-9.516556854919306,6.302881461504139,-1.7035051258292342,-12.997439179977356,1,0.8527188157284471,0.2248653487737462,1.5581292973501384
42596,409.5769230769232,45.4785617,9.2307023,21.39986,Gianluca_Savaia,80,Stem,-0.8839183157126718,-0.4977554915439817,-13.805423553920116,-8.985757705573064,-1.7119955582503217,11.327217519249078,1,0.7011925138907551,-0.7731777462975442,-2.6710195946180697
42695,410.5288461538461,45.478554,9.2307712,20.116424,Gianluca_Savaia,80,Stem,0.3926385377800021,0.4436092166913774,-8.529807815741231,2.775549851856898,12.618372958175028,25.65007228506607,1,0.018390283463402,1.5166685672613078,0.5134366471966434
42791,411.4519230769232,45.4785445,9.2308225,13.64924,Gianluca_Savaia,80,Stem,-7.3536370300851,-0.2240745358564128,-14.161276734790537,-9.456679303334177,17.367661243121947,8.97663217565467,1,-2.0420835388465406,-1.798571327283229,-5.570873382380568
42889,412.3942307692308,45.47853679999999,9.2308398,2.33352,Gianluca_Savaia,80,Stem,-0.6575574215860898,-0.1750608130687394,-10.187712564936245,-16.537819658514486,3.1996655684420405,-42.50348284784997,1,0.3190559416801164,0.4645001231241445,0.4242989656047929
43083,414.2596153846154,45.4785402,9.2308572,0.47226,Gianluca_Savaia,80,Stem,2.54003512613781,3.032413535066661,-9.256305378751785,-3.145868898875672,4.7538481585298005,-18.152334296110148,1,-0.0312971078614854,-0.5384073890562155,-0.6698832993284167
43280,416.1538461538461,45.47853920000001,9.2308868,5.681936,Gianluca_Savaia,80,Stem,0.961681753469254,0.7647381686122433,-10.921393347342889,-7.990593474288096,-1.4914108073675718,-9.112445720371348,1,0.4970810006602214,0.5061812837838823,-0.1827066928086882
43572,418.96153846153845,45.47854470000001,9.2309977,13.282544,Gianluca_Savaia,80,Stem,1.0039925244955792,-0.1738470583225355,-16.790096058847325,-1.2173084457107946,-7.708840153724616,6.196074121236091,1,-3.1944153306091194,0.7374501491237296,-6.556806787540102
43671,419.9134615384616,45.4785407,9.2310558,15.699404,Gianluca_Savaia,80,Stem,-0.4089479760755936,0.0686898070384254,-12.008080814041977,-6.742759251810527,-9.038135268903211,-10.51556257024566,1,0.9095034075752064,-0.2316614220001364,6.3170076254998895
43865,421.7788461538461,45.4785408,9.2311935,18.777428,Gianluca_Savaia,80,Stem,5.365335793941271,-0.7912255858942532,-11.756180649421283,3.149263207704432,-7.959370647587867,2.6693687311232432,1,-0.5474605583890417,0.5623102441723098,0.0862938021878481
44255,425.5288461538461,45.4785565,9.231406,9.443348,Gianluca_Savaia,80,Stem,1.6692250777602118,0.6527436496052755,-10.618510298662468,-0.1038036706481282,2.9149730743210887,-10.356272722563656,1,0.3122063299592999,0.4396274493636326,-0.0944360170941163
44353,426.4711538461538,45.4785535,9.231452699999998,10.895316,Gianluca_Savaia,80,Stem,2.6589448876060966,-0.7019254610052178,-8.243067307503509,-6.398192181661048,-0.6435756306363096,4.043606233096608,1,0.7008196969106273,0.2872927103178944,0.1752732614437331
44546,428.3269230769232,45.4785407,9.2315577,12.975112,Gianluca_Savaia,80,Stem,-2.1999871328152234,-0.3116059007868482,-9.05791944619479,-3.9464879218795152,-8.111824357826404,1.5034075743568938,1,0.5539412404177306,0.41120198601757,0.8752791668525202
44642,429.25,45.4785395,9.2316072,10.856424,Gianluca_Savaia,80,Stem,0.7117268503412129,-0.2207373275642322,-10.072079713618429,-5.767653051175732,4.557855028780155,-47.73044460431957,1,0.0058676549439911,0.0741699025702294,2.2128865808625857
44837,431.125,45.4785545,9.2317088,15.178992,Gianluca_Savaia,80,Stem,0.5738256846794547,0.8417038068168446,-7.57828783679116,-4.6332561218739725,-3.962258824273188,3.784224227790669,1,-0.9715604731168268,1.0991062472832422,-0.3649330843185234
44934,432.0576923076923,45.4785532,9.231778,17.66808,Gianluca_Savaia,80,Stem,2.4471271180165903,-0.2839393324235911,-9.013814157880349,-1.1201955458344852,2.7544140518496287,-6.477359562329863,1,-0.0139379249261146,0.3007376612769175,-0.589524125581887
45129,433.9326923076923,45.478559,9.2319182,19.157088,Gianluca_Savaia,80,Stem,-1.2501055915285637,-1.7586418923288116,-6.129848767117361,-2.3937908701279773,6.363497304841187,11.637691199128149,1,-0.8188820827076414,-1.1041751247985678,-1.4065855588298677
45322,435.7884615384616,45.4785745,9.2320373,12.363952,Gianluca_Savaia,80,Stem,-3.636922505364775,-0.3729469292575698,-12.25410177413101,0.4989478493353019,-3.605452485191911,4.266452527334623,1,-1.3254739077153772,0.6238746536360986,1.308601138052845
45418,436.71153846153845,45.4785788,9.2320858,9.339636,Gianluca_Savaia,80,Stem,-3.92084729618018,-0.9170029243487188,-16.4750095852012,-3.6298111896282568,0.8642493927104944,2.3548847174824115,1,-2.073786282722492,-0.0832915349911707,-0.4336135685400748
45614,438.5961538461538,45.4785803,9.2321437,6.654236,Gianluca_Savaia,80,Stem,2.245797609764076,-1.3086798596939864,-9.535288887730571,3.6586049394205022,-0.0700323837355982,16.753180099133008,1,0.1521213041915703,-1.079780212345398,0.0983667855758625
45709,439.5096153846154,45.4785842,9.2321763,8.141392,Gianluca_Savaia,80,Stem,-1.1591252638645082,-0.8884555588505744,-10.454162598103991,2.23397286295215,-6.281618354914894,21.35078778969236,1,-0.5912056743213647,-0.2807086160211624,-0.3128578662072456
45906,441.4038461538461,45.478592,9.2322158,2.2205480000000004,Gianluca_Savaia,80,Stem,-0.6929416872928396,1.7222019802909705,-9.458967261182249,2.2185161055330886,0.530355582622855,-19.289607258341352,1,0.5178905257139463,0.1604650517872388,-0.0351730184447998
46001,442.3173076923077,45.4785862,9.2322305,0.8389559999999999,Gianluca_Savaia,80,Stem,-0.3992242446811869,0.1198872564797209,-9.75803573115825,11.960104047968152,4.8232959380984965,-8.599022056321896,1,0.0463942519393618,-0.1083855986951316,0.0142411826011237
46122,443.4807692307692,45.4785855,9.2322367,0.5389320000000001,Gianluca_Savaia,80,Stem,0.6216518100949646,-0.721682136638588,-9.866583071158004,-0.3785112752175488,-0.1587539835313629,-5.112007331901716,1,-0.0458483672165686,-0.0153533647282522,-0.0433982415734472
