,Timestamp,Latitude,Longitude,Speed,Driver,Weight,Placement,Ax,Ay,Az,Gx,Gy,Gz,Confidence,Jerk_x,Jerk_y,Jerk_z
0,0.0,45.4783982,9.2322578,0.4704080000000001,Alberto_Lucchini,73,Stem,-0.2771986597278944,0.7346610488198403,-9.866584339007208,-0.0197494915015346,-2.1624997486857747,-1.3494914326507788,2,,,
236,2.269230769230769,45.4783892,9.2323072,0.288912,Alberto_Lucchini,73,Stem,-0.0482537738465785,-0.05323457075883,-9.995218676662686,0.9448401271740448,-1.88231907688241,-5.136723564293554,2,-0.1674744355271169,-0.1393029765502329,-0.1316654384207094
332,3.1923076923076925,45.4784123,9.2323473,0.116676,Alberto_Lucchini,73,Stem,-0.2427598219672013,0.5695871821869773,-9.744799703991596,1.4170120670297257,-1.8026187131498488,2.668666095137988,2,0.0972010496139082,0.0135570568073825,0.0562342480814059
431,4.144230769230768,45.4784373,9.2323443,0.131492,Alberto_Lucchini,73,Stem,-0.2776916914082381,0.6745284920399099,-9.874845310535433,-1.202781396389489,-2.025420367935125,-3.4772142148489125,2,-0.0223631588832468,0.0220218198407575,-0.0178279131269381
529,5.086538461538462,45.4784605,9.232335,0.087044,Alberto_Lucchini,73,Stem,-0.094505184261127,0.2746589425595431,-9.851992234169757,1.1112722673750044,-2.007704712011865,-1.7612807019978591,2,-0.0334075298226899,0.0894331213172935,0.0042880549988986
626,6.019230769230768,45.478459,9.2323405,0.272244,Alberto_Lucchini,73,Stem,-0.0954374646444218,0.524976586254561,-9.826887821495225,-0.0463125776970709,-1.9493735671120744,-1.7674420177590515,2,-0.0115454261072229,0.0137024976765618,0.0268295585886235
725,6.971153846153847,45.478466,9.2323467,0.02778,Alberto_Lucchini,73,Stem,-0.0444874332662988,0.2947266358846687,-9.876230710267118,-0.0849524509379069,-2.0248604472240763,-1.1975770921000777,2,0.0029170378649318,-0.0063435913964843,0.0059447658233686
822,7.903846153846153,45.4784663,9.2323505,0.070376,Alberto_Lucchini,73,Stem,-0.051999774532073,0.4495631429103686,-9.896125923074727,0.3898492709380141,-2.205736137000549,-0.149172983720125,2,-0.0122915049430731,-0.0137979821259761,-0.0301009613379967
1018,9.788461538461537,45.4784817,9.2323535,0.220388,Alberto_Lucchini,73,Stem,-0.061835975644373,0.4938507068673115,-9.886347671973532,0.4892338188752978,-2.2098017260765843,-0.5846835616669193,2,0.0009188625600782,0.0043083002114219,-0.015766649298964
1114,10.711538461538463,45.4784848,9.232358,0.192608,Alberto_Lucchini,73,Stem,-0.0550556158449391,0.2604686291389264,-9.881605695920827,0.4404358980132255,-2.0636567055094592,-1.2267144616674432,2,-0.0055678813489821,0.0093972005596725,0.0007410503189326
1406,13.519230769230768,45.47848670000001,9.2323532,0.187052,Alberto_Lucchini,73,Stem,-0.0687818277294477,0.3771294896072635,-9.88293696370435,-0.1427099623892962,-2.2007850404450697,-1.0472843248432344,2,-0.0042765301387067,-0.0037627138430613,-0.0116478192637163
1602,15.403846153846152,45.4784858,9.232354699999998,0.559304,Alberto_Lucchini,73,Stem,-0.0693579783836007,0.4358505085504104,-9.864422464636126,-0.3130068138103104,-2.080242158229537,-1.0710915663140606,2,0.007524924351502,0.0245327376026672,-0.0017939287894002
1700,16.346153846153847,45.4784913,9.2323578,0.7611720000000001,Alberto_Lucchini,73,Stem,-0.0766550257476519,0.2395802600746452,-9.876494514407074,-0.1474803148191625,-2.180070803308479,-0.9331031420954944,2,0.0094515449638279,-0.0316175332265508,0.0132085641770025
1894,18.21153846153846,45.4785098,9.2323632,0.188904,Alberto_Lucchini,73,Stem,-0.0828993790534226,0.4199692954727521,-9.859139952467448,-0.6231647829302869,-2.1132920094458134,-1.0716341800302898,2,-0.0057922661520298,-0.0169437284402328,0.0009647529474499
1990,19.134615384615387,45.47851370000001,9.2323628,0.348176,Alberto_Lucchini,73,Stem,-0.0439735084499496,1.00065283544858,-9.795680957702247,5.08994069436538,-2.041087000642181,5.746469540630577,2,0.0277275491525906,-0.1316119019807329,0.0065809835112453
2088,20.07692307692308,45.47852329999999,9.2323545,0.4296640000000001,Alberto_Lucchini,73,Stem,0.0298874156957834,1.464657299867413,-9.765547881384627,-8.741714886235162,-2.371832616593259,-3.0233299794022,2,0.1289116108028007,0.0881602961189518,0.0462983915407857
2186,21.01923076923077,45.478529,9.2323555,0.238908,Alberto_Lucchini,73,Stem,-0.0398241073818389,1.0904564365259204,-9.80612258466724,-1.3614800357119643,-2.0410388967857283,-0.9635812859153186,2,0.0028401316999795,0.0237999259930694,0.0100362440357422
2769,26.625,45.4784847,9.2323312,0.427812,Alberto_Lucchini,73,Stem,-0.1138124210903243,0.8481068940472692,-9.825597747235967,0.2412679713335715,-2.054879651132014,-1.0829322206187433,2,0.0002956202574583,-0.0030976274415635,0.0054862192643891
3061,29.43269230769231,45.47847,9.2323187,0.877848,Alberto_Lucchini,73,Stem,0.1580225597068401,-0.9951365304249876,-9.793869491596944,20.53070970529641,-5.6383230821017625,11.440220771687162,2,0.0152777171700549,-0.2173343182214133,0.0053317388915825
3158,30.365384615384613,45.4784667,9.232322,0.53708,Alberto_Lucchini,73,Stem,-0.3890891811556457,-1.9598930476808167,-9.721439209145911,-3.103932796968228,-1.24095311419322,-3.05567990614003,2,-0.0212754348332963,0.0325155673325077,-0.0128436625639292
3646,35.05769230769231,45.4784915,9.2323163,1.896448,Alberto_Lucchini,73,Stem,-0.1104193729839455,-1.296312759769517,-9.814361967908482,1.0259046786964945,-2.3292682621883607,-1.1393765504716562,2,0.0082068652370678,-0.0131861816410294,0.019128079552285
3744,36.0,45.4784955,9.232317300000002,0.238908,Alberto_Lucchini,73,Stem,-0.3020038585540029,-1.476852414701765,-9.80337945438796,-3.999105488931432,-0.9829018071592568,-0.8049402043972824,2,0.0494928941718038,0.0498144571735967,-0.0124000477956283
3843,36.95192307692308,45.4784993,9.232314,0.348176,Alberto_Lucchini,73,Stem,-0.2421428727348105,-1.274445152390303,-9.821444623933097,1.3512482795142438,-2.3974618715893654,-0.3164391266890587,2,-0.0230443604988144,-0.0616765975299034,-0.0023877960955136
3941,37.89423076923077,45.4784975,9.2323195,0.433368,Alberto_Lucchini,73,Stem,-0.1479338211289652,-2.0979509194708523,-9.90900773099185,-4.312415768276915,-2.5392238446968496,-22.868996470782182,2,0.0466507153734292,0.0591372750201366,-0.0173100179218153
4232,40.692307692307686,45.47850220000001,9.2323267,1.4353,Alberto_Lucchini,73,Stem,0.3292925575948269,-0.5504298746663555,-9.785391443336827,-14.851230293064496,6.432691709846018,13.0969997873916,2,0.1165464012341903,0.2073361329681745,0.0782059715758904
4331,41.64423076923077,45.478504,9.2323262,1.344552,Alberto_Lucchini,73,Stem,-0.5183782576181388,-1.610244486331684,-10.396479123985534,-2.7596260595670623,11.99934790915092,33.79541813387044,2,-0.2781753892945736,0.0883782060705584,-0.7129661229631417
4428,42.57692307692308,45.478512,9.2323468,4.5485120000000006,Alberto_Lucchini,73,Stem,1.1979419658208812,0.797023794095093,-9.62216665307184,-16.479502545962887,-2.4176552956467408,-45.977687366749535,2,0.1259152588430592,-0.0810192185157099,0.2764131741447677
4623,44.45192307692307,45.47850579999999,9.2323838,6.7653560000000015,Alberto_Lucchini,73,Stem,-0.3945757007186072,0.7081803227312526,-8.75051864540612,11.18617147197536,6.24974659853264,39.20317673841813,2,0.1014587024305542,0.4676704955995653,-0.3152037812140431
4719,45.375,45.4785048,9.2324088,9.780412000000002,Alberto_Lucchini,73,Stem,2.0929576766591045,-1.896960498098226,-10.24255703238562,-15.237831734176831,-5.79308608496904,-44.86624749419087,2,1.4832330890858505,0.5822844554062467,1.9195992842740672
4817,46.31730769230769,45.4784973,9.2324493,14.219656,Alberto_Lucchini,73,Stem,-1.4679664341353538,0.2185885416392674,-13.838851988314936,-1.7280787224689955,-6.5898889087186525,-1.7821237083268815,2,-3.260410429097319,-0.4141487145573497,-3.9881080583885673
5011,48.18269230769231,45.4784982,9.2325697,19.018188,Alberto_Lucchini,73,Stem,3.993512187571066,0.2563340115320126,-9.792604043482152,-17.825417261659727,-1.8285204429288493,-20.066706329537688,2,1.4199504477154186,-0.4075048878173661,-0.4216587473415245
5110,49.134615384615394,45.478509,9.232644300000002,21.936940000000003,Alberto_Lucchini,73,Stem,0.2802866812239945,0.5224265303104312,-11.657026253304908,0.5608450200251758,-2.2868551931480035,6.371758168196252,2,0.0642821180959225,-0.0367914053650608,-1.7763834525897586
5205,50.04807692307693,45.4785248,9.2327223,22.962948000000004,Alberto_Lucchini,73,Stem,-1.8087759407224029,1.35253873077661,-9.619748945454132,3.376242955739463,-0.6675163752976623,-4.5179939832758,2,2.926743632936025,1.1505811543783049,3.2387578644385826
5305,51.009615384615394,45.47853129999999,9.2328025,22.442536,Alberto_Lucchini,73,Stem,3.4162036372774747,0.1301731170548639,-9.29075086774691,8.887803559071152,-2.105833903051716,-3.633496933341642,2,0.6022863647509946,-1.3119215794904333,-1.0232493458904468
5400,51.92307692307693,45.478533,9.2328787,21.479496,Alberto_Lucchini,73,Stem,-2.3606156140228287,0.4981865325360086,-10.353649724540752,2.71033671258298,3.0870156453629427,8.766085260459782,2,-0.1847088862428196,0.7228560698850431,-0.3082410037744285
5499,52.875,45.4785377,9.2329648,23.544476,Alberto_Lucchini,73,Stem,0.4647246962421018,-0.2220289284070794,-9.477676014503654,7.618035627930514,-1.1974046230443838,-0.0393636597502187,2,0.2263538264799173,-0.055713006251077,0.1140813798824584
5597,53.81730769230769,45.4785382,9.2330498,23.414836,Alberto_Lucchini,73,Stem,-1.0735750074915271,0.7148587029934833,-7.086132820572589,5.391344800812499,-0.664959078112652,1.3034673443851013,2,-1.354203431901598,-0.7470377139459597,-1.5546187053548717
5692,54.730769230769226,45.4785445,9.233134800000002,24.172304,Alberto_Lucchini,73,Stem,-0.0199386514366064,0.1129199666102347,-9.343473271266491,-9.45553400571454,-1.3409720922408042,-7.284845147752336,2,0.6367324381632584,0.5252646860442731,1.0426972064212323
5791,55.68269230769231,45.478547,9.233217300000002,23.59448,Alberto_Lucchini,73,Stem,-0.3535737589902634,-0.6577931224665713,-9.874696943960425,0.7823372748005646,6.475012938446225,-25.286414457793107,2,0.109680504158121,-0.3261446061696136,-1.0967653937260415
5889,56.625,45.4785548,9.233298199999998,23.457432,Alberto_Lucchini,73,Stem,-0.0328237114364635,-0.0731808236941168,-9.573728294161716,1.2983008999202967,1.0810653929462068,15.327324902031789,2,0.3480847215993499,-0.2388719164040012,2.2428117705436392
6083,58.490384615384606,45.4785475,9.2334502,23.533364,Alberto_Lucchini,73,Stem,1.0771767745518748,0.0991915721746744,-11.342530785084216,-4.655917846332376,-1.892333985895286,2.4299711702468803,2,0.2257945649857928,-0.1203257424414144,-0.3732125314519408
6179,59.41346153846154,45.4785503,9.2335302,23.809312,Alberto_Lucchini,73,Stem,-0.5283945273752233,1.88600657484498,-13.19375266788903,-3.6198240166006697,-11.247047425814271,-6.50074361359516,2,-3.3193333523661,-0.0363517877992765,-2.7111351403534414
6374,61.28846153846154,45.47854570000001,9.233689300000002,23.157408000000004,Alberto_Lucchini,73,Stem,1.55111954410826,0.6380651830039339,-9.0907362439035,-5.477123926295554,-2.1385201272696914,-7.391449594943091,2,1.0456725172294328,0.1183048834996664,1.5387806522794172
6471,62.221153846153854,45.478545,9.233769699999998,23.672264,Alberto_Lucchini,73,Stem,-0.7637000741632527,-1.2462034452442905,-10.828416641607628,4.965538901835336,0.2937539566927363,-1.0667086883761216,2,0.9948608669006352,-0.5722259176321391,-1.458537455057165
6567,63.14423076923077,45.4785495,9.2338513,23.527808000000004,Alberto_Lucchini,73,Stem,-0.2890674227986711,-0.5106599687164698,-8.968073711524351,6.992180199026053,-2.350843092789772,4.738239242058583,2,-2.035846987519524,-1.4530535042210535,-0.2558509102249147
6665,64.08653846153847,45.47854270000001,9.233930699999998,22.85368,Alberto_Lucchini,73,Stem,1.5025841295851383,-0.2195918020256539,-8.164556391109691,-27.240008183992373,-11.044361857877307,-19.919580962636115,2,1.0007296803388883,1.0401736821791392,2.300669520773015
6762,65.01923076923077,45.478545,9.2340105,22.933316,Alberto_Lucchini,73,Stem,0.5473637378184594,-0.7940106276701284,-9.01989828447048,1.6240962165596242,1.1684404018989856,-5.607526598525827,2,3.487362654148652,0.9570848290189756,4.946538472237656
6859,65.95192307692308,45.4785492,9.2340867,20.486824,Alberto_Lucchini,73,Stem,-0.7411615377494642,0.8601944987509759,-9.86657601049716,14.749860386270564,-0.111348220465774,3.6142084843466886,2,0.0951946552161334,0.1137462574864124,-1.3097817421621958
6955,66.875,45.4785488,9.234143,15.154916,Alberto_Lucchini,73,Stem,-6.524917250219401,-2.27119307502788,-16.138114977824618,-18.31710917828844,2.3333988165716555,-13.66773690748721,2,-5.79724558387904,-1.3196001675376494,0.2136138725319405
7054,67.82692307692308,45.4785563,9.234194300000002,14.314108,Alberto_Lucchini,73,Stem,0.5795487397383747,2.024538519130364,-9.36416847457702,24.61158511824891,0.6141491833563649,19.119990332004463,2,0.097941720653228,1.1529378209761647,-2.4590604302175083
7150,68.75,45.4785575,9.234229699999998,9.193328,Alberto_Lucchini,73,Stem,-3.815538779696208,1.4651643027858918,-12.245545142615809,-4.173498224372236,0.5934285606587046,15.112274302708672,2,2.959766312820032,2.440848414816061,3.757659523826957
7249,69.70192307692308,45.4785382,9.2342568,9.791524000000004,Alberto_Lucchini,73,Stem,0.5586621576887717,-0.2878349015581994,-9.46991353745038,10.107572485062631,7.5961338406374095,41.44722684440124,2,0.5740813150254098,0.3477910974799146,1.6385119752771011
7348,70.65384615384616,45.4785063,9.234261,13.949264,Alberto_Lucchini,73,Stem,-3.8370089970912935,-0.8706159255488505,-20.064640773821235,-27.521267306392204,-14.016757203796606,-22.12771960716314,2,-4.111582188270328,-1.213479331174323,-12.724614102410795
7443,71.56730769230771,45.4784645,9.234257199999998,17.036548,Alberto_Lucchini,73,Stem,-2.7389843439534007,0.271951440333028,-12.593266683988809,-14.83644729638721,-13.62213838928715,21.422998622133708,2,-1.966147999535298,-0.2130369729904936,-3.8029798102590977
7641,73.47115384615384,45.4783628,9.2342592,20.623872,Alberto_Lucchini,73,Stem,-0.8789711847625227,-1.0098057840736194,-10.383095517923476,-6.108061637880742,-3.589746518610928,-17.70387820922578,2,-1.5332192756733782,-1.0088451411145238,-1.6169069991661915
7737,74.39423076923076,45.478307,9.234257,21.896196000000003,Alberto_Lucchini,73,Stem,-1.3446485864297957,-0.0638523800883233,-9.411004802962047,-11.639874673982792,2.2983984091338385,-16.186090624582125,2,-0.2784076763369065,0.3817773158516635,0.9923412996701036
7834,75.32692307692308,45.4782532,9.2342592,21.685068000000005,Alberto_Lucchini,73,Stem,-4.455740519454689,-0.7906361241823682,-19.215572308662825,-4.5208171306855744,-15.145966193071777,-2.568730016926009,2,-1.0711619329497548,-0.2515667941551171,-4.028642534023748
7931,76.25961538461539,45.4781978,9.2342587,21.681364,Alberto_Lucchini,73,Stem,-4.233007070230027,-0.659800852125818,-14.875720230502935,-1.8297615105119207,-13.802766081925922,-11.318357860692494,2,0.8138503418350922,0.2071678902675805,2.9306995886726166
8128,78.15384615384616,45.4780912,9.2342717,21.609136,Alberto_Lucchini,73,Stem,-1.88765494616202,0.4436653693673505,-13.978534895131205,2.844794258435801,2.9478310190134667,7.3069007593997135,2,-2.400649587702504,-0.1928746591095891,-3.814292577447127
8225,79.08653846153847,45.4780365,9.2342623,21.349856,Alberto_Lucchini,73,Stem,-1.2399405913999704,-1.010986002353452,-13.4332644271892,-0.4634450020879877,-15.625550895235095,-6.1720412716430175,2,1.9635564872566,-0.1923154498892589,3.709518825011621
8320,80.0,45.4779823,9.2342568,20.660912,Alberto_Lucchini,73,Stem,0.4478583750935633,-0.1618005231632249,-8.963394592512063,11.210418806695008,0.9633995026529574,10.45732529562842,2,0.7873820636715638,0.1927491219066644,1.5619188248189424
8415,80.91346153846153,45.47792329999999,9.2342612,23.54818,Alberto_Lucchini,73,Stem,-1.2684289894126946,0.3539805765940621,-10.784030087691953,-2.970694272476308,10.654951917471696,-5.2705892885466525,2,0.2421508004332755,-0.0637369822349495,1.6289019193286034
8606,82.75,45.4778232,9.2342905,20.175688,Alberto_Lucchini,73,Stem,1.0080921351713994,0.7180995097280762,-7.54296418331208,4.8093354337739465,-7.165543246751901,2.6218055954759647,2,1.0656764635978735,0.1996233079218072,1.8088627333899807
8798,84.59615384615384,45.4777098,9.234290800000002,20.231248000000004,Alberto_Lucchini,73,Stem,-3.160068912805718,-1.2801032846557057,-18.336819686287363,-0.0860942565248237,0.6463087818347439,-10.95172193469068,2,1.6876197382072728,0.1032806203118215,3.2570931540941888
8895,85.52884615384616,45.4776492,9.2342775,22.044356,Alberto_Lucchini,73,Stem,0.1055859597630937,-0.2372861779200461,-10.316339376460586,1.097686838802571,23.31904249343436,-0.4627347211031863,2,0.2435375624990465,-0.022330775947095,-0.2200953415112625
9089,87.39423076923076,45.4775398,9.234279,22.148068,Alberto_Lucchini,73,Stem,-0.034336102348821,0.0947328004566235,-8.439584525258669,-3.4106664776995985,-7.272468766136138,6.8117278540147375,2,0.3958705921409846,-0.3527172670235916,1.793530761603522
9186,88.32692307692308,45.4774833,9.2342852,21.627656,Alberto_Lucchini,73,Stem,-0.8524411649683423,-0.1958267743222825,-12.19635899530332,1.8391019633184928,-11.510421155767885,-4.925528666037693,2,0.6161400390320524,-0.2461141613052393,-0.8275257413080812
9279,89.22115384615385,45.4774278,9.2342755,22.12214,Alberto_Lucchini,73,Stem,0.5655897900093205,-0.0095436751561205,-12.913103620368636,-2.761170735002449,2.9673192970416498,8.119580793894666,2,-0.7231722982480007,0.2191607960242599,-1.958891187100372
9372,90.1153846153846,45.477374,9.2342568,22.49254,Alberto_Lucchini,73,Stem,1.843495635785165,1.1132735563334737,-3.371451519484201,5.058043093789336,-5.332316176939684,-12.639488870696855,2,-0.9571315107562256,0.3489900835039802,0.070304176050473
9464,91.0,45.47731629999999,9.2342487,22.542544000000003,Alberto_Lucchini,73,Stem,-1.1994176106409624,0.7897173933874179,-12.600372501279583,1.0984597062370431,-1.4563907444773885,14.829949171512544,2,-0.0615763610387738,0.3329671050745253,-3.0027567663649912
9653,92.81730769230772,45.47720870000001,9.2342687,15.751260000000002,Alberto_Lucchini,73,Stem,-2.509980528362985,-0.8029615499871633,-9.57032892347543,13.769596937814352,-5.944936496732226,8.917436597294937,2,-0.2653080623365107,-0.2140350535005281,-0.763986944444035
9846,94.67307692307692,45.47715529999999,9.2342205,9.263704,Alberto_Lucchini,73,Stem,7.886645805666298,-1.8618734771325944,0.8972757063318313,-0.1840271812934224,52.37283274380648,14.844008307809084,2,3.2025193869191293,-0.9766938253104692,6.481737712059301
9943,95.60576923076924,45.477122,9.2342212,9.848936,Alberto_Lucchini,73,Stem,2.6111809801830024,-0.1116421861864222,-7.019573289705237,-13.22291360651908,-5.8639909077602015,-4.732031204685449,2,2.353720665847341,0.0012317521971911,3.4036401129423965
10137,97.47115384615384,45.4770963,9.234132199999998,14.540052,Alberto_Lucchini,73,Stem,-1.752941334395411,0.0844814965238241,-15.412892909500856,3.4163048353596093,-1.9549759375151583,-5.59760645393779,2,-0.9263111416291272,0.294993258726401,-0.5068093383717649
10235,98.41346153846152,45.4770882,9.2340677,16.849496,Alberto_Lucchini,73,Stem,0.3586229855873148,0.3557046904353921,-7.245475294701903,-7.204138456875797,-5.352235515804852,-5.042439779310549,2,-0.6405590821075537,0.030325988442409,-1.719982121652686
10331,99.33653846153848,45.477076200000006,9.2340083,16.580956,Alberto_Lucchini,73,Stem,-0.1769288375919996,-0.5102477232556879,-13.54916574079868,-3.818974908672629,-1.2407702182564897,6.580228222625276,2,0.37374014028194,-0.5287835136921967,-0.5735919317342866
10429,100.27884615384616,45.4770833,9.2339397,17.894023999999995,Alberto_Lucchini,73,Stem,-0.0858855850344979,0.1021108606333201,-8.949563585465873,-0.7708196172620408,-8.87870662462733,-7.572823465925691,2,1.552930830226235,0.4407204049469013,3.0547370292684484
10527,101.22115384615384,45.4771015,9.2338767,16.371679999999998,Alberto_Lucchini,73,Stem,-1.254617043090198,0.5338931747598991,-12.216191155333131,1.5983286529954457,-2.4718689315040248,15.471297695120626,2,-2.101149771700072,-0.2536186309433275,-3.294380537587964
10624,102.15384615384616,45.4771287,9.233854,9.532244,Alberto_Lucchini,73,Stem,-0.1753319647334086,-1.497523833183526,-18.294849619664816,1.6805478735632784,8.03694051071197,-24.91280674652053,2,0.6079566039115607,0.2432092231543548,0.6483520590460508
10722,103.09615384615384,45.4771423,9.233792800000002,13.789992000000002,Alberto_Lucchini,73,Stem,3.80296939965202,0.6146150888944709,-2.8411588875060083,-7.491675458305348,-2.0009344830611018,14.516586214442336,2,2.7885169716206115,-0.0924662334261486,7.060496575876702
10818,104.01923076923076,45.4771717,9.233752,14.127056,Alberto_Lucchini,73,Stem,-2.1774692453499744,-0.0859993854886499,-11.296164827409276,12.69586957749812,-0.2843198232117609,3.310035466037045,2,-1.0846580477539511,-0.2114741995609454,-1.4112606190314685
10916,104.96153846153848,45.47718370000001,9.233708300000002,11.128668,Alberto_Lucchini,73,Stem,-0.1255009711090715,0.3058839796134766,-10.928623191474816,-21.29979146512411,-4.873487079192973,6.439573287412102,2,1.3180218596933897,0.968100845698165,2.649434999881235
11012,105.8846153846154,45.4771858,9.233638,13.547380000000002,Alberto_Lucchini,73,Stem,1.2310612722659389,1.2916386201678565,-7.461523209026643,17.85665288067266,10.3012196827213,8.615483563176557,2,-0.4523576968523897,-0.5508254759948488,-0.2272809246002225
11112,106.84615384615384,45.47717700000001,9.2335808,10.124884000000002,Alberto_Lucchini,73,Stem,-1.2915429661447944,-0.0503718040690875,-13.41355491147511,-0.7710187995765798,-1.2098448189416042,-14.309397098199756,2,-2.49560936166064,-0.3138752923815864,-4.777193434039238
11208,107.76923076923076,45.4771857,9.2335065,13.851107999999998,Alberto_Lucchini,73,Stem,-0.512578351482336,-0.0549017195602744,-11.090205223651008,10.342450925636191,-6.914206510241338,3.5702789132169515,2,-0.3729213967484677,-0.0671332653422984,-0.0813013738405654
11402,109.6346153846154,45.4771768,9.233391,10.502692,Alberto_Lucchini,73,Stem,-2.9997770766491554,0.021147756192885,-12.920922252091556,7.8571316882759055,-7.433271453627832,0.0785237023584408,2,-1.385318326154548,-1.0875853919869634,-4.399822782691498
11500,110.57692307692308,45.4771853,9.2333507,9.165548,Alberto_Lucchini,73,Stem,-0.536660486790609,-0.1773168894255528,-11.377716919706463,-2.9405818623743363,-1.1678691177949116,-0.1096641986208335,2,-1.1755868252362172,0.1087868127875349,-3.953643452434383
11595,111.4903846153846,45.4771535,9.233266699999998,12.645456,Alberto_Lucchini,73,Stem,0.4729850195255676,0.0940427441284088,-11.12767249261302,7.154236562343723,-4.555769659468017,-9.567135195836276,2,0.5493183698313686,-0.0891787717077986,0.6495664414948568
11791,113.375,45.4771288,9.233148,11.321276,Alberto_Lucchini,73,Stem,-1.6915942506341843,0.6315165304875859,-9.440416401088418,-2.1316679968735146,-21.25104725538069,-3.3556142833150853,2,1.9328805276812848,0.0938552883161782,5.501779594991653
11887,114.29807692307692,45.47713,9.2330765,12.504704000000002,Alberto_Lucchini,73,Stem,1.1758433593257267,0.3420654524222454,-7.056998293649339,-2.69187658952828,3.0815329043403983,-1.7568733017558549,2,0.5045828938031244,0.4421259610627398,0.5007111819692405
11985,115.2403846153846,45.4771398,9.2330173,12.382472,Alberto_Lucchini,73,Stem,-0.2937150896750086,0.6523139801120083,-8.840521769945163,5.741445094497602,-3.009934111692816,8.861027626840826,2,1.113102011035518,0.177131536201398,1.293893024500397
12083,116.18269230769228,45.477155,9.2329563,12.421364000000002,Alberto_Lucchini,73,Stem,-0.1499902629469977,-0.4876031350315566,-8.354757130187444,-1.4121832418999931,1.4331948325333317,-0.3803326122189929,2,-0.8675984901132383,-0.1450341849141441,-0.416319021480926
12178,117.09615384615384,45.4771505,9.2328967,11.300904,Alberto_Lucchini,73,Stem,-7.561483363030035,-1.0664192536808792,-22.30485535527865,0.2173102655135634,-21.591095523649017,-1.7418824269793935,2,-3.950467925126675,-0.5739957427604593,-9.080227535986111
12276,118.03846153846152,45.4771258,9.232807800000002,13.058452,Alberto_Lucchini,73,Stem,-2.8036963666608608,-0.1481095611461781,-18.364132208856383,3.247165105067781,2.38371694001921,10.756504730002831,2,-4.316438169489255,-0.3407496051020984,-9.809965927759276
12375,118.9903846153846,45.4771352,9.2327418,14.082608,Alberto_Lucchini,73,Stem,2.345002725797237,0.3223697753755839,-4.203322246633122,-7.820330893344664,8.966122798586719,4.967283749165376,2,0.4930464222654367,-0.2048211827578824,1.5960346513221635
12472,119.92307692307692,45.4771285,9.2326582,14.786368,Alberto_Lucchini,73,Stem,2.8686362415646185,1.1289253951857827,-8.699175093332025,10.220777713811149,7.292466709080077,-2.6799236222724407,2,0.0222363957718725,0.0433349665239188,-2.344680452178073
12568,120.84615384615384,45.4771297,9.232562,17.686600000000006,Alberto_Lucchini,73,Stem,0.4524227937530088,0.237942311515287,-4.843951989715088,-6.506721610208079,-12.141613853756276,-0.7150013868439249,2,-2.8796540492205374,-0.1900473950269139,-3.996161377440602
12666,121.78846153846152,45.4771283,9.232484,18.07552,Alberto_Lucchini,73,Stem,0.835023215117785,0.984721812319592,-10.558244195073431,3.6685295663145374,-3.824834234071325,3.38678811201486,2,-0.98345923616852,0.7693264392431199,-0.8759078347536581
12762,122.71153846153848,45.4771335,9.2324138,17.032844000000004,Alberto_Lucchini,73,Stem,2.9949509858129053,0.3090316443947113,-3.0722641624998133,6.426606491790634,-2.6467614740859418,-2.7760150482358807,2,1.2197390604909315,-0.1320087124421436,5.5715899045172455
12860,123.65384615384616,45.4771447,9.232318,19.079304,Alberto_Lucchini,73,Stem,-2.8920166567506387,-0.92527441891149,-15.9976322121986,2.218063122098947,-6.547208040018406,6.933166784135567,2,1.4368923510587353,0.0245266001305302,2.881876459776274
12958,124.59615384615384,45.4771453,9.232244,17.597704000000004,Alberto_Lucchini,73,Stem,-0.1237538857483959,1.1053367643514642,-8.80721758851081,7.547494362626185,9.295142367294888,6.8587518464987305,2,-3.3096489766669213,-0.4101723759424909,-5.808236184419208
13053,125.5096153846154,45.4771385,9.232152,17.406948,Alberto_Lucchini,73,Stem,-1.5061262292995432,-0.6518601822607298,-11.29155329041676,-5.693215555565497,1.0816278348650616,-25.639439891951948,2,-1.479137373814157,0.0959030749985885,-3.5391503740510952
13151,126.45192307692308,45.4771498,9.2320682,17.04766,Alberto_Lucchini,73,Stem,-0.8992544804195368,-1.1395019617934723,-8.962255154386895,-9.5252805478432,3.343861668257418,12.924761002838636,2,-1.2472175801839651,-0.3724719097737545,0.1006801532706642
13248,127.3846153846154,45.47711870000001,9.2319503,17.67734,Alberto_Lucchini,73,Stem,4.9932069112660535,-0.3225999332093997,-1.9440365939158173,-1.9046596949635888,8.804046898242131,-14.154403593607526,2,4.861314126535183,0.6131854490612163,10.477861334457524
13344,128.30769230769232,45.4770918,9.231829,20.392372,Alberto_Lucchini,73,Stem,4.460964003067612,0.5829948347735405,-5.819397129673106,1.854836899823332,16.254328112726814,-3.471343926391774,2,1.0760500344861297,0.4292430328745649,6.059560166908537
13442,129.25,45.4770978,9.2317205,20.544236,Alberto_Lucchini,73,Stem,-0.8123755866600508,0.0130257708300499,-8.15579081436935,2.4975424262732373,-4.729352537723993,0.1150141763568641,2,-1.9104866030637115,-0.0186000093248577,-3.877964592522813
13636,131.11538461538458,45.4770742,9.231567300000002,13.295507999999998,Alberto_Lucchini,73,Stem,0.7775659101930453,0.608327696394473,-9.288628057021777,3.782117966070622,-6.25134816008108,-4.354806009070195,2,-0.3173506371548346,0.1827033861471472,0.7046857042486607
13734,132.05769230769232,45.47706820000001,9.2315017,13.702948,Alberto_Lucchini,73,Stem,0.6275818002853214,0.1846091071785364,-9.302077210288108,46.80909671318312,0.5404424061248294,33.08867302201311,2,-0.428486204347332,-0.1733712144987073,-1.449615054118646
13831,132.99038461538458,45.477092,9.2314142,17.884764,Alberto_Lucchini,73,Stem,0.7506922282300925,-0.9752555829207707,-9.391695044754991,-29.760063853580117,3.039776571717616,-17.1629136852976,2,-0.0360658050643859,-0.3629541323844597,-0.4812240157572454
13927,133.91346153846158,45.4770987,9.2313115,20.266436,Alberto_Lucchini,73,Stem,-1.0927160850126292,0.0325370954400857,-13.520994112033474,0.1322945936752289,-11.185331991278764,-8.573009371549418,2,-2.135849251854617,-0.1885580193623248,-3.4538215257085163
14025,134.85576923076923,45.4771027,9.2312178,21.1128,Alberto_Lucchini,73,Stem,2.1706102937033664,-0.0139555074333957,-8.742561730512772,-3.274543021940272,3.3405952997004524,-13.494169689739032,2,-0.5323579662645974,0.4092274765190402,1.6507200497856545
14218,136.71153846153842,45.477092,9.2309942,24.961256,Alberto_Lucchini,73,Stem,2.652487896343772,-0.0399343042510617,-5.566768818315649,-19.26485509879257,-4.3887877830850295,-11.712349324807091,2,-0.4132955762295145,0.5991893438408318,-0.6836677974688907
14316,137.65384615384616,45.47708520000001,9.2308902,23.692636,Alberto_Lucchini,73,Stem,-0.82095187688465,-0.339680056600017,-11.921315552214338,-9.276235251899951,-4.756816786388527,-6.207483009274237,2,0.0850196159122848,0.4029483513862378,-2.919518865887305
14412,138.5769230769231,45.47709,9.230801800000002,21.503572,Alberto_Lucchini,73,Stem,-5.311880027524347,-0.2742880244688364,-18.64725894448146,-7.970742724654473,-6.374063390813178,15.826876623578336,2,-0.56472196419121,-0.3293329828925246,-2.2093955801338936
14510,139.51923076923077,45.4770898,9.230722300000002,20.579424,Alberto_Lucchini,73,Stem,1.968083885693103,0.3861470708279107,-19.742468749302933,-7.517100173211486,16.657169988496854,-0.791896651574433,2,2.9467143094907167,1.1706954027300105,-11.579801964389617
14609,140.47115384615384,45.47709370000001,9.2306473,19.446,Alberto_Lucchini,73,Stem,-0.4841709602928424,-0.7541471074750649,-8.136161027747756,-0.3389654262309429,-22.47330826996597,1.982469106206155,2,0.048674185884374,-0.3535411835890062,0.0122188481029859
14706,141.40384615384616,45.47710670000001,9.2305823,17.864392000000006,Alberto_Lucchini,73,Stem,1.4043531467404455,-0.4443948569526577,-8.261533477287056,-0.6447714139273549,-2.0720506780272983,10.473137538708915,2,1.7671707908282288,-0.3795352173411209,1.2132273192692455
14902,143.28846153846158,45.4771157,9.2304885,10.921244000000002,Alberto_Lucchini,73,Stem,-0.2749854211917458,-0.0437400040694946,-8.701006356095956,-3.9689723933658216,-1.9118059669074288,5.266481647605857,2,0.2625058154209361,-0.2000540609044658,0.3787173198525284
15001,144.24038461538458,45.4771168,9.2304537,8.737736,Alberto_Lucchini,73,Stem,-1.5156817241892817,0.7579586448070096,-9.014382808639194,1.59001610432641,6.376449627335461,-36.632591757969045,2,-0.4828000443081748,-0.1733472357365479,1.5586975106563337
15096,145.15384615384616,45.477106,9.2304152,8.178432,Alberto_Lucchini,73,Stem,-0.1119944524611599,-0.6762287717027806,-9.078187956832789,7.573242227485218,1.6679098931388427,-19.17142159003504,2,0.1566258580597292,0.3844209619322973,0.3733446323364457
15195,146.10576923076923,45.4770927,9.2303848,7.570976000000001,Alberto_Lucchini,73,Stem,-0.1729533514403051,-0.062792976953034,-9.741098695432086,1.663387569505394,0.7871007420787199,25.679167952043557,2,0.3691483796089608,-0.0983902234997835,0.3966844670322249
15291,147.02884615384616,45.4770755,9.2303597,6.959816,Alberto_Lucchini,73,Stem,-0.4924687072833902,0.181428162711421,-9.802731228727236,1.9932856949230533,-11.678251242524496,-5.547301926169237,2,-0.5629711787002234,-0.1726627978637862,-1.5691734872753111
15389,147.97115384615384,45.4770655,9.2303352,6.30606,Alberto_Lucchini,73,Stem,1.676458120207381,0.9839841360885012,-5.595431369680288,-0.4848329964807521,17.980507841002805,52.08412986578793,2,0.1619895480654107,0.6870260589945805,2.208000838316477
15586,149.86538461538458,45.4770552,9.2302897,2.7761480000000005,Alberto_Lucchini,73,Stem,1.968362679249355,-0.5930584420881089,-11.204310246238377,2.0011320856324617,-3.2086097908247577,9.179407207951812,2,-0.6483790858191152,-0.4085977951684897,-1.0618697316845562
15876,152.65384615384616,45.4770437,9.230183300000002,11.61204,Alberto_Lucchini,73,Stem,0.3387200272650782,0.0051259608202507,-10.525288124568617,9.7752805056565,-5.5625476955605375,10.974787599697605,2,-1.3961501603442663,-0.9285873470564948,-0.2672952575248608
15975,153.60576923076923,45.4770455,9.2301265,12.897328,Alberto_Lucchini,73,Stem,2.6664396039333145,-1.6990279607380263,-7.842268603755746,-0.2676289097444906,5.292945253478932,9.498192479324944,2,0.0705032745958593,-0.4222130757947746,1.3508440083904791
16074,154.55769230769232,45.4770518,9.2300757,13.164016,Alberto_Lucchini,73,Stem,1.8151936522163816,-0.6269850315524949,0.0005076922550149,-16.028206921039626,-3.669428650605774,9.388408388057623,2,9.065366328652178,-0.7281645217979155,16.215068139499706
16170,155.48076923076923,45.4770598,9.2300278,12.780652,Alberto_Lucchini,73,Stem,-10.608804483934817,-3.5020280372782824,-35.48362875685967,-13.351970808911776,-4.607872253006139,13.896038991033572,2,-1.0665229097583175,0.1667234957268246,-7.629982892812805
16269,156.43269230769232,45.477072,9.2299808,12.884364,Alberto_Lucchini,73,Stem,2.533234053968652,0.332373584279807,-5.8242485120825656,-10.30988506991617,-12.230322444616087,-6.9063909573572895,2,0.9873154280630172,-0.0348678517129265,1.3275181246223529
16367,157.375,45.4770777,9.2299245,13.717764,Alberto_Lucchini,73,Stem,-0.0061014283222917,0.0251929698825113,-9.892415481975023,9.376841225134465,-30.58111064240309,-16.640008507108178,2,1.3737839400603895,0.1832365162425294,6.6528184219747
16660,160.19230769230768,45.4770855,9.2297547,13.810364000000002,Alberto_Lucchini,73,Stem,1.5432416418031194,-0.2277720907125765,0.4561131946000544,-0.4205610591388549,-8.791216573166851,-20.388580308626437,2,2.0370401655869306,1.3579388512603046,6.288066955582012
16758,161.13461538461542,45.4770995,9.2296978,13.66776,Alberto_Lucchini,73,Stem,3.982640680311404,1.9606476018649417,0.6762068793782205,17.276573045186307,4.616606943689404,0.116614740791006,2,0.0041219519400272,-0.0233603630221703,-0.7098196604210163
16854,162.05769230769232,45.4770772,9.2296412,12.106524000000002,Alberto_Lucchini,73,Stem,-3.106710335798437,-0.5811648239782549,-13.08455281755332,7.940049013512317,-6.387290727824693,-7.99673024792734,2,-1.81994344771376,-0.7980470718995759,-1.563211713204133
16954,163.01923076923077,45.4770465,9.2295732,13.66776,Alberto_Lucchini,73,Stem,-0.1943830899724457,0.0724263816087857,-11.40457578112102,8.86246071659906,1.754747736519219,-11.738949627007988,2,1.1348008407736734,0.0048313980223967,1.279541096588268
17050,163.94230769230768,45.4770328,9.2295,16.079064000000002,Alberto_Lucchini,73,Stem,-4.814709488641851,-0.9007039258243156,-20.2199237033256,2.2225402772187177,-3.1888339630327227,6.5823516358225085,2,2.5818669222284485,0.5280195920486342,7.450110120679523
17146,164.86538461538458,45.477038,9.2294225,17.443988,Alberto_Lucchini,73,Stem,1.4231011939144935,-0.1223029426055152,-8.630723233615019,-10.677910524778277,-3.102063464849357,-12.243229765685966,2,0.2207148263368665,0.2427167863660726,-1.5046675614620515
17243,165.7980769230769,45.477029,9.2293617,16.580956,Alberto_Lucchini,73,Stem,0.3369899949447902,-1.0102915611205945,-9.219506435307784,-16.37945393158323,4.000495200482845,5.4216547690475,2,-3.6219484889910833,-0.2928454126410003,-5.455802820743562
17341,166.74038461538458,45.4770378,9.229313,12.708424,Alberto_Lucchini,73,Stem,3.3261040167010765,0.817307362177406,-3.547703620186585,-4.996489368407184,9.740453388447596,-28.057907967279547,2,-0.3761350399549554,0.2645448299503106,-0.8976494501545949
17439,167.68269230769232,45.4770378,9.2292605,13.136235999999998,Alberto_Lucchini,73,Stem,1.076086749737615,0.413137304711645,-6.917146566350475,-17.619668007448663,0.1754290679047812,2.5219915046873296,2,0.8317570270171062,0.5605976152776009,1.4122302176112402
17534,168.59615384615384,45.4770533,9.2292055,12.534336,Alberto_Lucchini,73,Stem,2.196788093842004,1.0559175465021826,-4.684470957736073,3.318110177111948,-11.148608020649569,-6.749030877587375,2,0.4147397021210377,0.1458996900420381,1.859540024318342
17632,169.53846153846158,45.4770905,9.2291397,14.249288,Alberto_Lucchini,73,Stem,2.2335301184916934,-0.4268090963097634,-8.177954046250429,5.169251924580214,-14.704059968219177,-17.585852184916995,2,-0.9728622921249924,-1.5131056663947888,6.86800701227136
17730,170.48076923076923,45.47710770000001,9.229087,13.860368,Alberto_Lucchini,73,Stem,-2.538015186809914,0.2581895265738005,-17.810995617902233,-1.309881952976382,-7.8543173951523375,-0.2513514132288632,2,-4.840201626636932,-0.6744630221089616,-10.77137513778152
17826,171.40384615384616,45.4770907,9.2289992,15.249368,Alberto_Lucchini,73,Stem,0.4550857193169675,-0.2779128966075643,-10.981848449821827,-0.7191919923866665,-1.4325883593613886,13.150848200202866,2,-0.9372120431081012,0.1320565192171544,-3.0883196090101235
17924,172.34615384615384,45.4771082,9.2289215,16.530952000000006,Alberto_Lucchini,73,Stem,0.2286292786302791,0.1720172300747911,-9.155973159750738,-5.345436822730247,-1.2251937196645275,-1.3375325024328566,2,-0.0502480241356101,0.1209953902882496,0.4938321323564381
18022,173.28846153846158,45.4771263,9.2288527,15.975352,Alberto_Lucchini,73,Stem,0.6499274743849534,0.3790438546800763,-9.908537387081818,2.6551654387901986,14.491089588803446,8.628748135484205,2,-1.43884297381116,-0.3459257252007459,-4.378240280928416
18117,174.2019230769231,45.4771362,9.228780300000002,15.617916,Alberto_Lucchini,73,Stem,-1.6160847032315548,0.2843854204758484,-9.494142434162177,-3.60896615620413,-10.695847940262857,-4.087284969006519,2,-0.3550700482284927,0.0603559122508313,0.4162895131617201
18215,175.14423076923077,45.4771512,9.2286875,17.560664000000006,Alberto_Lucchini,73,Stem,1.861059974251748,0.8729080859450101,-6.92507692761134,3.175237925899908,-3.6127602452245977,7.037621683824828,2,1.7485393922689214,0.5019697346180724,2.939569602313475
18312,176.0769230769231,45.4771308,9.2285858,18.781132,Alberto_Lucchini,73,Stem,3.635022023683971,-0.2998769883257088,-3.861683688142126,-0.2853480692914951,20.37807954937281,7.459335213585877,2,-1.8301267413993088,-1.015541417054521,-7.605949180313014
18507,177.9519230769231,45.47712470000001,9.2284273,16.58466,Alberto_Lucchini,73,Stem,-0.9985015795102689,0.4420223882930859,-15.573698295805675,4.377316718038979,5.805320372079903,6.334763261686449,2,-1.5698072607612326,-0.1429435530623808,-4.428324842156182
18604,178.88461538461542,45.4771295,9.228372300000002,12.964,Alberto_Lucchini,73,Stem,1.917404850815556,0.4455539841773848,-5.73542292683455,10.5366276839863,-4.36362691931349,-5.876031165033005,2,-0.4887113662518021,-0.3161027774237703,-0.59075641074981
18702,179.8269230769231,45.477144,9.228304800000002,14.167800000000002,Alberto_Lucchini,73,Stem,2.582382910830065,-0.5143802887140593,-7.194594381532104,-21.932872272506405,11.961864241841244,-25.077499452676644,2,1.8665126864188468,0.4638180008167595,1.0792350504428594
18798,180.75,45.477145,9.2282675,9.743372,Alberto_Lucchini,73,Stem,-4.215971528498383,1.0678647860356143,-21.14273188662936,20.840451782837363,1.4696872310955031,12.270036419046551,2,1.2542091465073149,1.6525146336955387,2.0606344745530976
18895,181.6826923076923,45.4771515,9.228193,11.767608,Alberto_Lucchini,73,Stem,-1.7851462549827657,-0.7343597055741707,-16.44409807892515,-21.48220159009788,-9.472507035257788,-13.004853041511282,2,3.114808489712612,0.6553707901952109,4.657018625881225
18993,182.625,45.4771598,9.2281265,11.900952,Alberto_Lucchini,73,Stem,0.9758020539717296,-1.1875413071789118,-8.250394684826663,-25.117983889178053,-21.11338815614892,-32.08363185736176,2,2.725371631324057,-0.102324316850259,3.6871294941353767
19088,183.5384615384616,45.4771647,9.2280695,11.478696,Alberto_Lucchini,73,Stem,1.5393115682349885,0.999848483128046,-13.10285505267032,13.17264316109858,10.967232407968734,-3.2259891490156027,2,0.9280346306624324,0.4430145957420305,2.099652622931199
19186,184.48076923076923,45.47716079999999,9.227965800000002,16.45502,Alberto_Lucchini,73,Stem,2.6756813374171884,0.3597981822771209,-3.1967249855340643,3.72366124340088,-0.5750297924476326,-2.4906326557536964,2,-1.5041001499679283,0.3370687048816875,-2.715645125220389
19285,185.4326923076923,45.4771185,9.2278475,18.351468,Alberto_Lucchini,73,Stem,-3.5199723428623866,1.0556569309741763,-21.814895246338,-8.046835461187253,-29.5269301714628,-0.0373495155848155,2,-3.7785077946282506,0.2356105548936998,-8.481353564128295
19380,186.34615384615384,45.477093,9.2277632,16.847644000000006,Alberto_Lucchini,73,Stem,-2.309750326776008,-0.4670195782338327,-9.328444305520298,-7.264682017375728,2.8420390824001087,0.202506000020628,2,-0.1060703404988232,0.4074858526569743,0.1476260217648732
19478,187.2884615384616,45.4770733,9.2276895,14.678952,Alberto_Lucchini,73,Stem,-0.0906825492521674,-0.4429660960747185,-9.406741001888347,12.141388457466697,-3.838146866215013,9.486079914031148,2,-0.3115174395908851,-0.3877796040054763,-2.0845804494846565
19576,188.23076923076923,45.47708220000001,9.2276438,10.06562,Alberto_Lucchini,73,Stem,0.4488699268772364,-0.5973572926369628,-3.263845552604624,18.071559325199253,21.90064901366441,50.39936615958757,2,-1.4272149282566542,-2.048094459344905,-5.814901902949657
19671,189.1442307692308,45.4770998,9.2275952,9.74152,Alberto_Lucchini,73,Stem,1.4020021719458968,-0.9458544721408884,-9.591478839095792,4.346401261702541,-3.2885781037510484,12.352667520703914,2,-1.5315510144455622,-0.2200123332100382,-2.5581642006002694
19769,190.0865384615384,45.4771182,9.227493199999998,10.193408,Alberto_Lucchini,73,Stem,0.2967838321574259,-0.4075711946738705,-10.28631061706489,-9.679329546206043,3.4255173003307693,15.813271353726869,2,-0.9300589683795192,-0.0340335734110383,-4.2339665864790295
19867,191.02884615384616,45.477152,9.227438,11.569444000000004,Alberto_Lucchini,73,Stem,-0.8744400216504478,1.0121883721947935,1.8106865881033165,-14.296371490848038,-8.749269905078387,1.9679021406090969,2,-2.195512516986465,-0.4429436153663564,3.2674376683945967
19963,191.9519230769231,45.4771935,9.2274245,17.923655999999994,Alberto_Lucchini,73,Stem,0.9658164629184262,0.3804619930910815,-10.438018400277992,4.000568148446416,-3.0294225045588377,-0.2452450878646593,2,0.1698820611857816,0.1010545809014007,1.100701437186176
20060,192.88461538461544,45.4772343,9.227417,19.686760000000003,Alberto_Lucchini,73,Stem,1.023833281190587,0.5240481986506657,-7.300536419374835,-4.557532347576985,-1.1649330942122096,-24.98689080643705,2,-2.285271409860885,-0.5948272959495221,-8.26763004038638
20158,193.8269230769231,45.4772803,9.2274053,20.65906,Alberto_Lucchini,73,Stem,1.9527045514050927,0.0235893631110285,-9.035168294736437,-8.009434337944398,8.373212575248937,-16.34545999439683,2,2.975830518124975,0.8481063176360903,6.586354597446307
20256,194.7692307692308,45.4773305,9.2273872,21.570244,Alberto_Lucchini,73,Stem,-4.662731356201983,0.2323757121587557,-18.230438405783204,11.349669469082167,-3.4176639611695934,5.546752308086068,2,-1.903840508673084,0.0163213857234131,-5.162060671255928
20450,196.63461538461544,45.4774378,9.22736,22.961096,Alberto_Lucchini,73,Stem,-1.3026794050867114,0.3646702406664172,-9.61914194325714,7.991006304885782,-4.691980139525395,-1.6166091567692351,2,-0.8728290646560318,0.2028686856379697,0.4992899162187978
20546,197.5576923076923,45.47749320000001,9.22735,23.34446,Alberto_Lucchini,73,Stem,-4.547790997148237,-0.3242233814543264,-18.15600145932764,-2.0978534280621863,-5.9409118625600446,0.4479882152042096,2,-1.7194849087359385,-0.4861644661741481,-5.29017563933853
20645,198.50961538461544,45.47754929999999,9.2273435,23.275936,Alberto_Lucchini,73,Stem,-0.2529002648554014,0.1729194293290303,-8.969320470290654,-0.8928657759937346,-5.388346266948143,13.117688445544363,2,0.668869285525817,0.3824418105660004,1.312402495873295
20743,199.4519230769231,45.4776032,9.2273477,22.581436,Alberto_Lucchini,73,Stem,0.6770511092119775,0.0532122453197731,-8.262191616268616,-9.511814963315256,6.1616513981811964,-19.32784346694153,2,0.2883077115081567,0.0976929442308247,-1.2202343240088434
20842,200.40384615384616,45.4776675,9.2273365,23.512992,Alberto_Lucchini,73,Stem,-0.1404571285144859,0.6391173222697896,-9.71507341914826,10.685354708068967,10.608640619375109,-13.472880783859429,2,-0.2509251626173797,0.5329512328772061,-2.008142319452098
20938,201.3269230769231,45.4777158,9.2272963,21.207252,Alberto_Lucchini,73,Stem,-0.053778981240289,-2.468159530284493,-8.001565166518567,4.322015433509678,0.7953270046453111,-30.80640399111003,2,2.9975049805772285,-0.3987442708302873,8.376390707692398
21037,202.27884615384616,45.47777120000001,9.2272437,23.457432,Alberto_Lucchini,73,Stem,0.3288276934150609,2.160131505925975,-5.673206700261152,0.3509227993870052,6.06401874798628,14.385861444265904,2,0.5623742169573016,-0.6045784541817723,1.7305051217174094
21135,203.22115384615384,45.4778322,9.2272027,23.079624,Alberto_Lucchini,73,Stem,12.498986762189556,0.7955616988781818,22.04056989258117,-11.710995258477258,12.928877769923696,9.063169418133144,2,7.304024386338577,-1.1933701503322451,23.84437843308334
21233,204.1634615384616,45.47789570000001,9.227169,23.157408000000004,Alberto_Lucchini,73,Stem,-4.142011537689244,-2.8644163464136807,-19.93626525665764,-7.594314898099829,-3.831337356711349,10.496918812332488,2,-2.8714916707064786,0.4092262420171497,-0.6639134455541509
21329,205.0865384615384,45.4779575,9.2271567,23.568552,Alberto_Lucchini,73,Stem,3.1279144844658413,-0.9183698730380604,-4.7363466170481,-10.875082419982114,0.8206885773548258,-13.047436803407203,2,1.2754467969842511,1.4476028696851753,3.650960060677991
21428,206.0384615384616,45.47801870000001,9.2271508,23.872280000000003,Alberto_Lucchini,73,Stem,0.4614568368667373,-0.0039679099704633,-9.128094198209023,-1.3340414735915305,-0.8378166157652309,-2.157414599225601,2,0.0858622648836611,0.0048553264348009,-0.9292915294678252
21622,207.90384615384616,45.478146,9.227123,24.36306,Alberto_Lucchini,73,Stem,1.8219555647259376,1.1947262296631744,-8.017513572916686,1.3961096291081736,2.8792055301762485,3.181839923997184,2,1.6727214529573522,0.6954832121068906,3.556635295190884
21721,208.85576923076923,45.47820720000001,9.2271083,23.968584,Alberto_Lucchini,73,Stem,-3.76298117363408,-2.582647685356532,-20.19258490343772,4.013324050391262,6.211524954844028,-21.150593991442125,2,-3.5138882629756893,-2.04430704369128,-9.411350675313829
21819,209.7980769230769,45.478269,9.227087,24.13526400000001,Alberto_Lucchini,73,Stem,-2.5057900518540848,1.5881499791006484,-13.512000977811809,14.13503658690177,6.283388934023369,33.22977748633105,2,-2.5735748389296487,0.6874537668725101,-5.226192423988538
21918,210.75,45.4783248,9.2271058,23.01110000000001,Alberto_Lucchini,73,Stem,0.5353708189085047,-0.3480975935842365,-4.047993540558942,-18.18975209229793,27.867462744741744,-4.4639739203448565,2,-1.4685314291119025,0.8257158328691738,-0.3708663370641343
22014,211.6730769230769,45.4783808,9.2271323,22.633292,Alberto_Lucchini,73,Stem,1.6149657278356069,1.3346484731619153,-12.563079105459227,-30.406393313885943,8.762460309987576,34.13122206296457,2,3.2512969444309623,0.8964504136326721,-0.0282917089072434
22112,212.61538461538456,45.4784253,9.2271608,19.544156,Alberto_Lucchini,73,Stem,3.4137144255365257,0.4940315693411576,-6.672069759430514,-3.812273615899529,0.4023346931165119,-34.010431454879075,2,-2.8293677584289822,-1.2619175122959618,0.5205890690182846
22210,213.5576923076923,45.4784717,9.2271728,17.986624,Alberto_Lucchini,73,Stem,-4.643906942389124,1.397085739082356,-17.412120476098284,-0.5557658541400459,1.4014828068699658,-34.430724533724586,2,-0.137338798615203,-0.7626197597543971,-8.5872952023183
22307,214.49038461538456,45.4785153,9.2271638,18.284796,Alberto_Lucchini,73,Stem,-0.6224488438768674,0.2646001470088616,-11.670557944571678,10.827612327997407,-2.186576735517716,-7.913046283157732,2,-0.4583021040756927,0.1633666674485258,-0.0196180994276797
22503,216.375,45.4786113,9.2271598,20.360888000000006,Alberto_Lucchini,73,Stem,-0.8958634189073139,0.4003519378864108,-11.15136365282282,-2.36115647444916,-6.313615522258512,6.607333032402075,2,-0.4117328526049387,0.1738032316002245,0.8984503568266451
22698,218.25,45.4787292,9.2271495,23.63152,Alberto_Lucchini,73,Stem,-0.3948540061506977,-0.2714352449468396,-10.548828493701324,5.06775394425934,-2.7063578539702497,-1.3181538583962351,2,0.795260640649954,-0.0356616956548469,0.8014357314155784
22799,219.22115384615384,45.4787887,9.2271465,23.440764,Alberto_Lucchini,73,Stem,2.638237318630976,0.2223065698710898,-7.362776344795479,-7.436842806185568,2.4557174321425785,-2.990943736521464,2,0.1525695048622122,-0.0893152841217846,-1.3377073904452583
22895,220.1442307692308,45.4788455,9.2271393,22.994432,Alberto_Lucchini,73,Stem,-0.5992167168897474,0.268470927411991,-10.5054511209612,7.604384399398882,-0.1100572155717332,14.084541578390468,2,-0.6743273518682789,-0.187273522448812,-1.40584422388236
23188,222.9615384615384,45.4790177,9.2271268,23.005544000000004,Alberto_Lucchini,73,Stem,0.0651953850094668,-0.4724489637648528,-9.168816484895856,-13.538033916103096,-0.9725619966605265,-11.42167185538765,2,0.7973932446737457,-0.2571097721550899,0.4132340172552862
23284,223.88461538461544,45.4790717,9.2271185,21.698032,Alberto_Lucchini,73,Stem,-3.8290696392065993,-2.6680243845851632,-17.288398695507027,-7.328652437648864,-5.459272595635804,-4.015893441651111,2,-0.5472828916678512,-1.6330545200970907,-0.7519699595109799
23481,225.77884615384616,45.4791458,9.2271183,14.869708,Alberto_Lucchini,73,Stem,0.8338518540883809,-0.7581936207657829,-7.782240018986741,9.661307564526012,2.8403715350139427,31.17398866204557,2,0.4513995647208724,-0.1921658863875602,0.4729290342397281
23579,226.72115384615384,45.4791613,9.2271705,12.554708,Alberto_Lucchini,73,Stem,-3.354092322263233,-0.7713463155713675,-17.372463202439288,0.3298237999583611,-7.0557527016925,37.3411394052205,2,-0.6034379973722652,0.8003463165932024,-3.3540365172639337
23677,227.6634615384616,45.47917620000001,9.2272073,13.391812,Alberto_Lucchini,73,Stem,2.7325057794967784,0.2036761815989261,-7.778878037308528,-9.68061281363526,6.278021244069565,41.47192159246154,2,0.8393063853475915,-0.6894264923296247,-0.8012935932473031
23872,229.5384615384616,45.4791822,9.2273103,17.849576000000006,Alberto_Lucchini,73,Stem,4.441972881417762,2.0101653178865777,0.8294804895395149,3.108801381511735,0.3574901368314816,-5.770988559711396,2,4.918735304876615,1.801557890526568,12.465932614229333
23971,230.49038461538456,45.479182,9.2273727,18.781132,Alberto_Lucchini,73,Stem,1.4057753728083215,1.1750162955710115,-7.6348010175924355,5.845306785445096,2.58389180575692,-3.5272667523925354,2,1.4175295591668997,0.050128065010367,1.7723195127477442
24069,231.4326923076923,45.4791782,9.2274367,19.284876,Alberto_Lucchini,73,Stem,-3.5099202548878488,0.8382377470418926,-14.161501852569735,26.658971908157447,-15.009505290073331,40.301680804933696,2,0.4212127769708784,-0.1479553125870102,0.533918365744384
24166,232.36538461538456,45.4791795,9.227498,17.829204,Alberto_Lucchini,73,Stem,-3.039170904211284,-0.3637953351876407,-10.068662661149158,-9.060385460575738,-0.0044808808758984,-3.673620183047367,2,-0.8216238196111627,-0.0513358614511902,-2.788540868395516
24264,233.3076923076923,45.4791783,9.2275445,14.721548,Alberto_Lucchini,73,Stem,-2.4872771183929943,1.0041461891018728,-8.387478525372654,-5.293906953163021,4.244300307059532,-40.92463454549564,2,-0.6218496662276294,-1.316676115032566,-2.246101577978102
24362,234.25,45.4791888,9.227589300000002,13.665907999999998,Alberto_Lucchini,73,Stem,0.2650456439988303,0.1133805449290254,-10.831973566909143,25.272625838977326,7.839336836132567,6.030934691879757,2,-0.037090625636301,-0.5823148708479611,-0.8199267868957705
24458,235.1730769230769,45.479185,9.227625,12.108376,Alberto_Lucchini,73,Stem,-0.1165237790631415,-0.2155401839026786,-10.40694446833383,-11.715757807840893,9.85329457207544,39.735187340905775,2,0.1620659455410586,0.1657986990343653,-0.3425144852321225
24654,237.0576923076923,45.4791918,9.2277247,14.897488,Alberto_Lucchini,73,Stem,0.6240763952766597,1.2399917264917415,-8.100776590685392,4.0194964328627965,0.4394229393921547,14.434358756358307,2,-0.3020398287948175,0.0844067078353278,0.209261047969278
24753,238.00961538461544,45.4791913,9.227796,19.458964,Alberto_Lucchini,73,Stem,1.1556683663587712,-0.7087321048156966,-10.938626165292176,-2.402468796099771,-1.4514883280548423,-12.080644537201463,2,0.5834230487458323,0.0658286095730635,-0.5674499016131609
24849,238.9326923076923,45.479204,9.227868699999998,21.642472,Alberto_Lucchini,73,Stem,0.0608556228033244,0.3950184277225649,-9.72494549176136,0.9325157232059887,1.1244110898321225,11.071181742116927,2,0.2488696687661947,0.6915580426298497,0.6689070796371386
24948,239.88461538461544,45.4792138,9.2279455,22.036948,Alberto_Lucchini,73,Stem,-0.1136320797698107,0.0431770633272838,-7.809555821623911,7.695606191967043,3.6286532574816137,-8.792032955788688,2,-1.490439170705531,-0.2282864197836589,-1.6607817679430248
25046,240.8269230769231,45.4792172,9.2280255,22.76108,Alberto_Lucchini,73,Stem,2.6461994238420976,-0.9289433427035266,-7.2633087499025795,1.052218984651753,8.074488863723326,-20.62314844238541,2,0.6022642170023702,0.2916496709346762,0.6439399761748259
25339,243.6442307692308,45.479222,9.228265,22.792564,Alberto_Lucchini,73,Stem,-0.7212104729339941,-0.1901838139820328,-11.25377529435099,-6.554807863456707,-2.6663256269092805,-3.481052243416154,2,-0.1676126260443354,0.1809318926852281,-0.8874053759143248
25437,244.5865384615384,45.4792265,9.2283472,23.4278,Alberto_Lucchini,73,Stem,-0.7796548000957046,-0.305551136031908,-13.022828299746845,-3.1232948980286475,-2.6474620800042725,0.8684624104823921,2,1.663141879934245,0.0053767215548863,1.9482076015564096
25533,245.50961538461544,45.4792295,9.2284332,23.66856,Alberto_Lucchini,73,Stem,0.2561660320458808,0.3290598729561661,-8.49714710676692,0.6025513004882725,-2.343634206462534,3.5203474816410534,2,0.2365915744267572,0.0629010097147589,1.1909066242205704
25632,246.4615384615384,45.47922970000001,9.2285142,23.73708400000001,Alberto_Lucchini,73,Stem,0.2988947700458301,-0.4266704807393073,-9.626414781251263,-0.4926383063099209,-4.060769859034801,-6.288497010963575,2,0.6566009025954762,0.1543498707767963,0.5648374574622643
25729,247.3942307692308,45.4792338,9.2285975,23.638928000000003,Alberto_Lucchini,73,Stem,0.2585375626600962,1.6918947864527416,-9.296630801578614,18.511196378076367,-1.2745546324486043,16.510493613661712,2,0.1596102002060141,0.5212675391682973,1.2906160320809388
25925,249.27884615384616,45.47922970000001,9.2287617,23.438912,Alberto_Lucchini,73,Stem,1.0438465729585242,-0.4513356660149946,-7.077972008723438,-9.840654777257594,-1.073969969362932,-2.442148305416704,2,0.2029357993028105,-0.1656706613421346,1.65500143242196
26022,250.2115384615384,45.4792308,9.228844,23.32594000000001,Alberto_Lucchini,73,Stem,2.2582117332084017,0.8473172070420246,-10.031821466399606,14.623614401492937,0.2069100799481145,-4.920003537462962,2,0.7342218639437091,0.6998048846215499,0.3448388269475799
26120,251.15384615384616,45.4792295,9.2289257,23.007396,Alberto_Lucchini,73,Stem,-1.4358504891755348,0.7066013925334228,-10.605613413686342,-8.202029245262175,-2.4002851767822526,-0.7225961999020578,2,-2.0432943231834946,0.133018614517017,-0.7424502664169754
26216,252.0769230769231,45.4792313,9.229006,23.068512,Alberto_Lucchini,73,Stem,0.4805116768601202,0.0783603855995608,-9.687341602675769,-2.028499394888869,-1.1195072268115132,-1.9633870501261648,2,0.9784992517406556,-0.2868220664741945,-0.9230496064315296
26604,255.8076923076923,45.47922979999999,9.2293425,23.390760000000004,Alberto_Lucchini,73,Stem,-0.5647889513840143,-1.5275044456464195,-11.618131655638884,1.4874481937123718,0.512782981913178,-7.850736584806595,2,0.5426834785245809,-0.6718450087819406,-0.151909672958272
26897,258.625,45.47924129999999,9.2295972,24.20564,Alberto_Lucchini,73,Stem,0.956850548042872,-0.551634825994619,-8.749097238934684,10.816048088785465,-1.4776570767235642,-1.5040468760103485,2,0.0011464630159255,0.0823310432309512,0.8175721410032519
27090,260.4807692307692,45.4792332,9.2297383,18.564448,Alberto_Lucchini,73,Stem,0.4566837219182761,-0.057756275904095,-9.71039730800811,-0.3974948653413674,2.1512945714969414,-31.35740282686609,2,0.60670115671426,-0.3699866156565422,0.3334839605716215
27188,261.4230769230769,45.4792318,9.229791,14.85304,Alberto_Lucchini,73,Stem,1.431839454771639,0.5267954906859652,-9.033842041113228,-0.2735276446935773,-0.4527600565884522,-14.06440833111946,2,0.5612225103852857,0.1060295678871284,0.6874416662174809
27284,262.34615384615387,45.47923370000001,9.229840800000002,13.871480000000002,Alberto_Lucchini,73,Stem,-0.0393460027280363,-1.750817117052331,-8.936527082744123,5.994174319224538,-1.9225049861251704,-3.073142135913306,2,0.5265074509774933,0.0741652285286689,0.2972192256135315
27575,265.14423076923083,45.4792203,9.2299228,5.893064,Alberto_Lucchini,73,Stem,0.3672854853129072,-0.9499387804634294,-9.312344296943108,7.523938098454428,-5.769177921107676,18.19464187203892,2,0.213580040996724,0.1326746660380304,-0.0879280071023949
27672,266.0769230769231,45.4791997,9.229933,5.79676,Alberto_Lucchini,73,Stem,-0.5916977925524854,0.5976576882784836,-9.430601177000865,-22.70540314549737,-0.3838024530008299,-61.3404403843162,2,0.9763184249492906,0.8916943833719042,-1.0845056273319518
27770,267.01923076923083,45.4791968,9.2299452,3.652144,Alberto_Lucchini,73,Stem,1.8025884379323869,-0.1567702919200061,-11.216677548615095,0.2441360041120424,4.044188739661642,19.066763812109865,2,0.4090232328872425,0.1877930455039052,0.5460199905989143
27867,267.9519230769231,45.4791898,9.2299563,3.985504,Alberto_Lucchini,73,Stem,0.8158543115927807,-1.4758610535147862,-9.607033605899971,11.70551256969048,4.213796459985103,30.61764971110911,2,0.4834351862744253,-0.6289216209358146,0.9079253132496364
27963,268.875,45.4791773,9.2299618,5.031884000000002,Alberto_Lucchini,73,Stem,-0.7833199371141851,-0.2475243970282865,-10.651318571828496,-16.577867243972904,2.037098344425374,18.98800640278348,2,0.4060558132567305,-0.4764012606266234,-0.3378418198993209
28061,269.8173076923077,45.4791698,9.2299702,4.348496000000001,Alberto_Lucchini,73,Stem,0.4242806144193578,0.4152982049319217,-10.643685996353083,-4.058498452726849,3.54025608029294,-27.75220495453502,2,0.1055826239804636,0.3250303406431377,-0.8064600523723886
28159,270.75961538461536,45.47917070000001,9.2299745,1.54642,Alberto_Lucchini,73,Stem,1.0601902703465154,1.5659326992366709,-9.31891419747312,11.01270383979914,7.0412161687960255,-52.67544992379045,2,0.1569943018043041,0.0807871385597103,0.0569087535448957
28255,271.6826923076923,45.4791663,9.2299782,0.511152,Alberto_Lucchini,73,Stem,0.7026263330119186,-0.1189052847246657,-9.798671963906182,0.8038925826724173,-1.7613166726132008,-7.728111429095456,2,0.0585949738740519,0.0220395195439311,-0.0562349226730098
28352,272.61538461538464,45.47916729999999,9.2299803,0.485224,Alberto_Lucchini,73,Stem,1.0297668196734584,-1.5616829804199583,-9.306284024562988,-10.302483366153968,-7.516254925950136,27.23389158590744,2,0.1070657992563684,-0.3522276771914545,0.629472007947216
28450,273.5576923076923,45.4791645,9.22998,0.737096,Alberto_Lucchini,73,Stem,0.810379781237408,0.0978881324691448,-9.925067726482274,2.5489727026816693,0.087609615450984,-2.056917440244061,2,-0.0013225908771443,-0.0183621703087417,-0.010016660664613
28546,274.4807692307692,45.47916370000001,9.2299813,0.3444720000000001,Alberto_Lucchini,73,Stem,0.5420991279526138,0.3834341920172325,-9.82387399297282,3.2125185412540525,-0.4579383112970517,3.668039828733354,2,0.0189349286608563,-0.0328975566756481,-0.000315797817997
28739,276.33653846153845,45.4791652,9.229978,0.6167159999999999,Alberto_Lucchini,73,Stem,-0.5033443705088828,-1.3265551962992868,-9.4766715161968,10.394392501760276,-1.9090487960397868,39.30732970500839,2,0.1483027583727587,-0.1074730537479233,-0.1159248115325244
28935,278.22115384615387,45.4791603,9.2299753,0.403736,Alberto_Lucchini,73,Stem,-0.12302817317005,-2.7889026535690453,-9.553540476119736,0.0815394588901838,-2.07913049929218,1.6944621652301046,2,0.014090830344148,-0.1702799541565025,-0.0038626646765802
29032,279.15384615384613,45.479162,9.2299758,0.207424,Alberto_Lucchini,73,Stem,-0.0536156655406841,-1.991463273093296,-9.696025323836052,-1.6856552747492612,-2.0936242604994173,-0.8042166785135132,2,-0.0042998419798874,-0.028071836838756,-0.0067697791473833
29130,280.09615384615387,45.4791603,9.2299722,0.4370720000000001,Alberto_Lucchini,73,Stem,-0.094186761337952,-2.017948485342603,-9.707398063002064,0.2517347004011912,-2.036344990581061,0.3506706219341673,2,-0.0004294130655254,-0.0099221123675024,0.0010459031451777
29324,281.96153846153845,45.4791643,9.2299725,0.28706,Alberto_Lucchini,73,Stem,-0.0605934131236886,-1.6574568409267143,-9.745466291640453,0.5562592660511845,-2.1547404871891254,0.2399365866911687,2,0.0053832067692148,-0.002601301811399,0.0101388395999535
29420,282.88461538461536,45.47916970000001,9.2299698,0.396328,Alberto_Lucchini,73,Stem,-0.0544299069948077,-1.4716818610740785,-9.771379612465749,-2.4072712383705044,-2.1540162540212915,-1.4185620985475378,2,0.0004481414996626,0.0030714361238632,0.0035584379922148
29616,284.76923076923083,45.4791665,9.2299692,0.346324,Alberto_Lucchini,73,Stem,0.3070616177906581,-2.3079073367525296,-9.66390795157869,0.7394392510214418,-2.005637573323895,-1.4028575637035656,2,0.0491385840453655,-0.1367481154362879,0.0014673983786313
29809,286.625,45.4791668,9.229981,0.0518559999999999,Alberto_Lucchini,73,Stem,0.1917276435791996,-0.5748439227221701,-9.877027017313113,5.195218269915978,-0.969174443923866,2.537806379704344,2,0.0027584302429028,-0.024864931052844,-0.016586748850969
30101,289.4326923076923,45.4791623,9.2299958,0.014816,Alberto_Lucchini,73,Stem,0.2300892527691221,-1.57095502264568,-9.790171412743318,-1.5003537432128828,-2.283290962211292,1.362533890000848,2,-0.0106581756963071,0.027704774654655,0.0153667177128333
30199,290.375,45.47916370000001,9.2299988,0.1852000000000001,Alberto_Lucchini,73,Stem,-0.0558913514246554,-0.1496017614594093,-9.819713144599794,-9.946447440970273,-1.0032257798263575,-10.794779939460314,2,0.0181806153326555,0.0390102658970776,0.0162991797272784
30295,291.29807692307685,45.47916,9.2299992,0.4000320000000001,Alberto_Lucchini,73,Stem,-0.1231825444952412,-0.6148564585323465,-9.800256001949675,3.2554973227020394,-2.136566353480528,-3.388338501403947,2,0.0135962163186042,-0.0886722936132782,-0.0156687246842146
30393,292.24038461538464,45.4791623,9.2299995,0.81488,Alberto_Lucchini,73,Stem,0.0254584499104885,-1.1489488977210414,-9.827601437204171,-0.9880740668523832,-2.161354000634011,-1.5571258870368991,2,0.0040330149070069,0.0073484749957795,0.0074196426952255
30491,293.1826923076923,45.47916170000001,9.230002699999998,0.5796760000000001,Alberto_Lucchini,73,Stem,-0.0530314898217623,-1.0132224242021968,-9.83289941212952,-5.452051030377729,-1.7942005324805717,-4.6553415976334485,2,-0.0121310392625166,0.053323325311966,0.0037727870577644
30783,295.99038461538464,45.47916,9.2299992,0.137048,Alberto_Lucchini,73,Stem,0.125854472550737,-0.6167970568958164,-9.846857483600845,-0.0664515035600148,-2.179553650394697,-1.5396884622810765,2,0.0179370081714722,0.0026814816123139,0.0319264386083624
30879,296.91346153846155,45.4791627,9.2299978,0.225944,Alberto_Lucchini,73,Stem,0.103589982032221,-0.4600195635462097,-9.89361710525792,-0.9938027977370352,-2.22976219812501,-1.6754277874624617,2,0.0128092480221935,0.0005229920842184,-0.0166609598399709
30977,297.8557692307692,45.4791625,9.2299962,0.114824,Alberto_Lucchini,73,Stem,0.1546595634048355,-0.4076404307106409,-9.889772142449074,0.2205176453954812,-2.1852725516492986,-1.6436033344651149,2,0.0125974568951872,-0.0152271070256493,0.0001580132007497
31173,299.74038461538464,45.4791595,9.2299917,0.146308,Alberto_Lucchini,73,Stem,0.2271535486604917,0.7868501711613867,-9.970202875500831,-1.2993537959749384,-1.909351694196029,-3.073728615781354,2,-0.0703382340518616,0.0090975020674713,-0.1958675481446832
31269,300.66346153846155,45.4791583,9.2299972,0.075932,Alberto_Lucchini,73,Stem,0.151733664315434,0.722886199529404,-9.936495652833813,2.228611931675676,-2.4504157578704424,-5.650600665718957,2,-0.073167999602097,-0.0913989191536445,-0.0069364998816929
31561,303.47115384615387,45.4791695,9.230019300000002,5.054107999999999,Alberto_Lucchini,73,Stem,1.1219426912577657,0.4608619692626956,-11.226808195855735,-1.2126521999820872,5.515469019994745,-25.21692278374121,2,-0.6686307932612838,-1.2473059032850389,-1.8686688494917068
31659,304.41346153846155,45.4791763,9.23004,7.3154,Alberto_Lucchini,73,Stem,1.6825809371463638,-1.187444614453991,-9.755119670497148,8.898420792997584,0.0709988148181688,30.92386600010761,2,0.1845139975268721,0.2747750931472279,0.0736398402630627
31756,305.34615384615387,45.4791827,9.2300652,8.080276000000001,Alberto_Lucchini,73,Stem,6.959855609603277,-0.6337943627701134,-7.0198298386456095,-11.627383194686448,23.83399073423088,10.289340280541388,2,2.551387354178372,0.7384005743832168,2.7966046005108254
31853,306.27884615384613,45.4791843,9.230099,9.960056,Alberto_Lucchini,73,Stem,3.020960618485669,0.104429328413945,-3.9419510428563846,1.7307351611233814,0.190918925932606,13.784520063342436,2,3.0793814754125384,-0.14665410585472,6.360273156947277
31951,307.22115384615387,45.4791797,9.230132800000002,10.404536,Alberto_Lucchini,73,Stem,1.2310724234393071,-2.262073408321692,-5.918507173551537,-12.874124805573755,9.586729853033514,-4.739308793685521,2,-2.2025739452112854,-0.8854579683324486,-8.986464586179784
32046,308.13461538461536,45.4791708,9.23016,7.726544,Alberto_Lucchini,73,Stem,-9.272534706153117,-0.8420757125217461,-21.873702933202036,19.575661720614956,-27.09966268621613,39.5594656331286,2,-3.185935631322152,-0.1301354188259804,-6.850232430765676
32145,309.08653846153845,45.47915029999999,9.2301775,8.354372000000001,Alberto_Lucchini,73,Stem,-1.1463843111415162,0.1960395202125326,-7.9691853246482545,8.586901490520912,21.688389909017992,47.9613428028908,2,0.5580413526728141,0.2182232617876453,1.3446436156462536
32243,310.02884615384613,45.47913970000001,9.2301748,5.581928,Alberto_Lucchini,73,Stem,0.3091658541215121,-0.4638362228267607,-10.604892113363698,-51.32651463279791,-3.179669269988029,-56.285822803211296,2,1.869618651941608,-0.5756989122646061,0.5901447405179177
32338,310.9423076923077,45.479114,9.2301765,10.517508,Alberto_Lucchini,73,Stem,-0.2771951708956211,1.2768984819866522,-13.46559002128846,14.036766977197294,24.05690415343863,-34.878455588401465,2,-0.9621686103146916,0.4984362815599101,-2.305705945196149
32437,311.89423076923083,45.4790838,9.2301923,13.886296,Alberto_Lucchini,73,Stem,1.2780657821383383,0.6326863593621875,-10.886524232950798,11.996040091636116,-2.3248163897741283,27.2043337847662,2,-1.1033654584508763,0.1704006209547173,-1.9646652024123303
32535,312.83653846153845,45.479043,9.2302028,15.366044000000002,Alberto_Lucchini,73,Stem,-0.4070080033871395,-0.1678969327930971,-10.320398437420632,2.7276490222839422,-2.303253068015663,11.974789267775916,2,0.3986855422560849,0.1747413220322214,-0.4652885724226259
32630,313.75,45.478998,9.2302122,15.56606,Alberto_Lucchini,73,Stem,-3.60264759797956,-0.0074542041294887,-13.190697647385717,8.318875156051616,-6.4810722636400175,30.64856036084588,2,-0.4938740208609462,0.001388249613354,-2.6667108788062053
32729,314.70192307692315,45.4789617,9.2302117,13.767767999999998,Alberto_Lucchini,73,Stem,0.5341290128633239,0.2926402912755441,-9.944645340123657,-12.663305048972571,-8.136025219293323,-10.759165445461996,2,-0.9809263709790093,0.1018643487266994,-0.6789070313164718
32827,315.64423076923083,45.4789277,9.230215199999998,14.736364000000002,Alberto_Lucchini,73,Stem,1.4263430092939473,0.1069921366280925,-6.5065206038786885,-4.769554444736998,14.76876854198138,-39.68772303362406,2,1.4233244410151429,0.5507145575754404,2.7144803372867026
32924,316.57692307692315,45.4788817,9.230213699999998,15.79756,Alberto_Lucchini,73,Stem,0.7731102489201843,0.6888223400662495,-8.618521296370593,5.489070180941012,0.3311640456232734,4.1635892286150495,2,-0.4730343102462765,-0.1195418908066223,-0.8365539271702298
33021,317.50961538461536,45.4788318,9.2302237,18.253312,Alberto_Lucchini,73,Stem,-0.5199786827677767,0.0972107571601803,-15.219506258217216,-5.462379277348057,-7.059886064745776,-7.386687364338782,2,-3.2086936129729664,-0.2131772760367314,-5.814379977245084
33118,318.4423076923077,45.47877329999999,9.2302258,20.47386,Alberto_Lucchini,73,Stem,-1.3889151556090351,0.7170520412806787,-12.321558572793016,9.251517112316094,6.349607034689287,-23.82009899583068,2,-1.0202950109675304,0.5254720433433423,-1.9568190536937795
33216,319.38461538461536,45.478721500000006,9.2302338,18.614452,Alberto_Lucchini,73,Stem,-0.930902681390226,1.6691026165948482,-9.785976678408604,-7.470128301319844,-2.028124916550548,-16.477555347215453,2,2.02641070092144,1.851990948541852,2.987249746738732
33313,320.3173076923077,45.478673,9.230231800000002,16.429092,Alberto_Lucchini,73,Stem,-2.149269883296381,1.5189619406936996,-11.453537104850886,-4.058458168342747,-10.61489984570446,-7.035616355914482,2,-1.8974162640076784,0.6437311078241577,-4.2030270973899535
33410,321.25,45.4786328,9.2302203,11.552776,Alberto_Lucchini,73,Stem,0.8083082305443974,0.3935979367561284,-9.074094592265944,1.657773911533858,4.389880851769167,-14.498483663248065,2,0.3193788983806955,0.2240742636026299,0.5396654162884378
33508,322.1923076923077,45.47859879999999,9.2302245,12.026888,Alberto_Lucchini,73,Stem,-2.4063431588476654,0.0099004804552183,-10.372725446938704,-15.106652245596209,6.7041809293376025,-44.04210940282189,2,-0.4064666747072909,0.3573265605336451,-1.4734461587816234
33604,323.11538461538464,45.47857670000001,9.2302507,10.591588,Alberto_Lucchini,73,Stem,3.15756128544026,0.288386946777085,-7.263083221274794,16.09145193415658,33.81690965192854,3.3982231824400104,2,3.2251416339831422,0.0682771536458311,1.7412651502710348
33702,324.0576923076923,45.4785715,9.230301,15.036388,Alberto_Lucchini,73,Stem,0.2452279675354555,0.2277531142583105,-10.42882895630849,-13.582709899328131,-4.038693515109057,-20.09569902130725,2,-0.4014204582733709,-0.0291618563075322,-0.3528366533008267
34092,327.8076923076923,45.4785715,9.2305695,20.683136,Alberto_Lucchini,73,Stem,2.6112971229098,0.4571731374469338,-8.766386396332017,-2.147252340417853,8.314926649219876,2.9793333394278068,2,1.202616133322011,0.3177849447244409,2.1017535098258104
34188,328.7307692307692,45.4785675,9.230651,22.987024,Alberto_Lucchini,73,Stem,0.4321558981027766,0.9414128499868224,-8.97031960468906,-14.603463064383412,-2.6820420666793745,-19.90632903960516,2,-0.7655044506615654,0.2462648028898174,-0.7755522321012123
34286,329.67307692307685,45.4785613,9.2307293,21.257256,Alberto_Lucchini,73,Stem,2.8742752140707166,0.4223317606039141,-7.994612477613575,-7.006959142271357,-3.5349176911572697,6.50757346900127,2,-0.3035979823612567,-0.4009505483819352,1.5975108466251484
34383,330.6057692307692,45.4785595,9.2308082,22.30734,Alberto_Lucchini,73,Stem,0.5478254662101452,1.2223866491447328,-4.615364154441578,8.19380376492532,3.695176808081476,2.7825023685132986,2,-0.2428119219118311,-0.7592070601564245,5.698222924061228
34483,331.5673076923077,45.47857020000001,9.2308827,21.69618,Alberto_Lucchini,73,Stem,-3.672946902358545,1.1473299854463626,-9.446499398594815,3.7360116862552726,-1.2203923147911129,8.239968333080961,2,-1.878003836342537,0.6072281748267071,2.6289084000090206
34579,332.49038461538464,45.4785782,9.2309545,21.24244,Alberto_Lucchini,73,Stem,-5.624975471536832,-0.5834213568009715,-13.680988906816063,-9.235896851905055,-3.4196905956925563,-4.823848694837706,2,-2.738421284397892,-0.7021651569035368,-0.0904894996239278
34678,333.4423076923077,45.4785752,9.2310352,22.305488,Alberto_Lucchini,73,Stem,3.208530197942967,1.396024123479926,-6.150417740832503,-0.1886550424686364,-2.8202967499049896,-2.3814175568142124,2,-0.1693255096344814,0.9510259143101948,4.340311681387553
34872,335.3076923076923,45.478563,9.231206,23.375944,Alberto_Lucchini,73,Stem,0.2020227539087885,-0.2343232412737561,-8.303680787909983,2.272462534838509,0.4727179769318983,-0.9787851887560376,2,4.076556377445476,0.1560423011520698,6.766258416019018
34970,336.25,45.4785618,9.2312867,22.085100000000004,Alberto_Lucchini,73,Stem,-2.030756221543644,-0.4751772173340561,-8.751265381557118,-6.760966537297215,-4.527932706717432,4.5662743187319785,2,0.5290343943591669,-0.2072414962747236,2.1303522126378667
35166,338.13461538461536,45.4785643,9.231418199999998,15.230848000000002,Alberto_Lucchini,73,Stem,3.0140195455864025,2.1388640494704965,-13.374198120488815,8.82869553490434,-6.815596278562117,-3.3560043902869903,2,5.99289011506954,1.3929797541501152,2.25939634340091
35460,340.96153846153845,45.4785637,9.2316017,19.523784,Alberto_Lucchini,73,Stem,-6.688781921949126,-2.076040724647213,-21.96000024564179,1.235950049997342,-16.402815658225233,0.4061882145678948,2,-1.6178246105886205,-0.1294957075740823,-11.29472636319629
35557,341.89423076923083,45.478562,9.2316775,21.368376,Alberto_Lucchini,73,Stem,0.8588607813742265,-0.1757431956205265,-11.794606157834483,-4.652726539275529,-2.5999135635281267,-8.532960563669983,2,-0.606388332372292,0.8257009921583309,0.8768163701312304
35654,342.82692307692315,45.47856270000001,9.2317552,22.229556,Alberto_Lucchini,73,Stem,3.29958067188578,0.823662181432092,-8.47514478785167,0.8202949844258667,-0.3651553566243315,-1.5721877951493692,2,-0.0040994529897946,-0.1402003217664351,0.1175263395232182
35753,343.77884615384613,45.47855429999999,9.2318368,21.961016,Alberto_Lucchini,73,Stem,-0.9922250649223784,2.1275460252850835,-10.265123180114651,1.7291684220988577,-2.9666620587162487,-5.940440462242077,2,-0.7292087305270238,0.6943489181855098,1.2433144946562835
35850,344.71153846153845,45.47855070000001,9.2319105,20.303476,Alberto_Lucchini,73,Stem,7.612598501882442,-0.6854515091440906,-12.439488770463337,-13.796262888387716,-5.229640498992664,-5.398662851161621,2,1.9489081716048604,0.0254415026370573,-0.3605277048350928
35948,345.65384615384613,45.4785583,9.2319837,19.938632,Alberto_Lucchini,73,Stem,4.775538856461611,0.3182577271052863,-6.990998117850121,14.656281235148471,1.3257274198627238,13.764347303188126,2,0.6985014760499455,-0.9496860577380276,-0.3542135324814435
36143,347.52884615384613,45.4785545,9.2320862,6.5764520000000015,Alberto_Lucchini,73,Stem,-2.7417416340033185,0.2607705992439321,-10.961722351111485,11.03277008065157,-4.039466934273608,9.65030882157814,2,-0.2744429696128403,0.2528364805891747,-0.4011675810254225
36240,348.46153846153845,45.478561,9.2321288,8.258068,Alberto_Lucchini,73,Stem,-1.8861456481963568,-0.2343902218725779,-10.757825837948944,0.5322100806957577,-3.8839990968166216,4.64248637060609,2,0.0547743846423574,0.0795146417517284,0.1208220521876164
36338,349.40384615384613,45.4785638,9.23216,5.061516,Alberto_Lucchini,73,Stem,-2.301337883991394,0.398742998465959,-10.370697442463973,-11.89955621531958,-4.514839041783043,0.2621997346462539,2,0.6680684999454645,0.0889238807785471,-0.4204455847313664
36434,350.32692307692315,45.4785595,9.232177,1.411224,Alberto_Lucchini,73,Stem,-0.9223349109183138,-0.2447207321789155,-9.760542937185887,17.90053251462754,-2.001823986287641,-5.441503359826404,2,-0.3959029668314862,0.1909746669772218,-0.0789844589561301
36532,351.26923076923083,45.47855379999999,9.2321803,0.1500119999999999,Alberto_Lucchini,73,Stem,0.3667007149754265,-0.3292460993718476,-9.873590198966715,-4.835050469113043,-2.3313367606480053,-2.543584783651488,2,0.0049959813075989,0.0430178604502795,0.0286868286223089
36734,353.21153846153845,45.4785502,9.232186,0.038892,Alberto_Lucchini,73,Stem,0.2733375979592565,0.1075296217796441,-9.756473749438689,1.1089421729174722,-1.3050385768939323,-4.184500315810895,2,-0.028391789719288,0.1897355717670841,0.0277113133980559
