,Timestamp,Latitude,Longitude,Speed,Driver,Weight,Placement,Ax,Ay,Az,Gx,Gy,Gz,Confidence,Jerk_x,Jerk_y,Jerk_z
0,0.0,45.4784197,9.2321717,0.262984,Davide_Rigamonti,55,Stem,-0.0201473987354647,0.1167420384255749,-9.809137716652028,-1.6734925532088978,-2.3200002046792463,-0.9382395339539158,1,,,
145,1.3942307692307692,45.47847720000001,9.2322797,0.1389,Davide_Rigamonti,55,Stem,-0.0647663412061096,0.3391720881667328,-9.875003114748816,0.7903294456595811,-2.083786241258879,-0.0928436648109736,1,0.0012311792176155,-0.0303332931290949,-0.0126564424318438
244,2.3461538461538463,45.4784643,9.2324057,0.483372,Davide_Rigamonti,55,Stem,-0.0316869326371358,0.3717808942193575,-9.851457317423446,-0.0468834027832576,-2.6811006439532097,7.17273530006868,1,-0.0249531447721445,0.0751369869836373,0.0062552848382946
341,3.2788461538461537,45.47843320000001,9.232357,0.0463,Davide_Rigamonti,55,Stem,0.0111499998046183,0.0921038710751257,-9.864165576458891,-0.28529523225916,-2.328448121281632,-1.279067889428795,1,-0.0033196584457803,-0.0081030436096147,-0.0023129331914013
440,4.230769230769232,45.4784323,9.2323762,0.187052,Davide_Rigamonti,55,Stem,-0.008649926948733,0.1249325312046857,-9.88328529545406,0.1512247792902048,-2.1458116246899643,-0.4687965509241821,1,0.0131237221424666,-0.0091638366451162,-0.0024771044305271
538,5.1730769230769225,45.4784285,9.2323985,0.463,Davide_Rigamonti,55,Stem,-0.0556135223703898,0.051667127424672,-9.879152729099731,0.4800419105919529,-2.0162870403222697,-3.462378755861724,1,-0.007869503149565,2.7593807814835225e-05,-0.0005146317520257
635,6.105769230769232,45.4784292,9.2324103,0.08334,Davide_Rigamonti,55,Stem,-0.0138982551676705,-0.0351920723628926,-9.9523417111631,-0.0098561648313095,-2.2350334143255908,3.32431082567066,1,0.0312799285608409,-0.0221655896148339,-0.0853020508440209
733,7.0480769230769225,45.478431,9.2324137,0.190756,Davide_Rigamonti,55,Stem,0.0214556800391003,0.0180088779219794,-9.898304075461263,0.2109209595144792,-2.189799838830292,-1.088915839797643,1,0.0018781463484328,0.0005759013410903,-0.0117000795311064
930,8.942307692307693,45.4784337,9.232407,0.19446,Davide_Rigamonti,55,Stem,-0.0175842518470669,0.062690466450174,-9.87992711449111,-0.1165359732197926,-2.213333263690485,-0.291079904787126,1,-0.0019961170378782,-0.0011764319045638,0.0053970448452727
1516,14.576923076923077,45.4784282,9.2324087,0.05556,Davide_Rigamonti,55,Stem,0.0334802811714448,0.0458935793806711,-9.881075201445563,-0.3670467393066543,-2.17470830963612,-0.7009831491861922,1,0.0321430188291339,-0.0013137631911822,-0.0024855114688087
1711,16.451923076923073,45.4784277,9.2324115,0.081488,Davide_Rigamonti,55,Stem,0.0539923509551138,-0.1379258316973294,-9.922977398591687,-0.2117356413562374,-2.1792966548115733,-1.060235342052292,1,0.0110503427371917,0.0095303320520834,-0.0027743431151119
1811,17.41346153846154,45.47842670000001,9.2324105,0.162976,Davide_Rigamonti,55,Stem,0.5905066107346267,0.1580297210420785,-9.902059026255882,0.7705377592423206,-2.2712153197968874,12.53647875707751,1,-0.0821230406491626,-0.0342650913645569,-0.1036044373663163
2105,20.240384615384613,45.478433,9.2324438,5.7837960000000015,Davide_Rigamonti,55,Stem,2.0650292198145013,0.257441404489719,-5.646268771141878,0.1493725290777616,4.888206549350351,-14.440186619760034,1,0.6556426907552724,-0.7093599243648501,3.0001276117300297
2202,21.173076923076927,45.4784623,9.232482,7.943227999999999,Davide_Rigamonti,55,Stem,-0.0198352455278445,-0.4072473361584269,-10.855734677848444,1.5380499710123834,-3.2712416854234485,-5.411507204105928,1,-1.7614065592851234,0.5484091187924678,-0.6352304555042334
2299,22.10576923076923,45.4784753,9.23252,9.923016,Davide_Rigamonti,55,Stem,2.279445361285829,0.8284955029439199,-10.251564875924815,-1.295198436562809,-3.34853733128636,-0.0195680427525726,1,-2.334164317589663,-0.1675864714153982,-0.7961086542114106
2496,24.0,45.4785005,9.2326213,15.03824,Davide_Rigamonti,55,Stem,3.899420422009387,1.3248011755063185,-7.906255654209846,4.246123695894841,-2.5456178991689664,8.75582152252637,1,1.047517705700865,-0.6191189804175103,-1.8570368102266783
2690,25.865384615384613,45.4785178,9.2327312,16.269820000000006,Davide_Rigamonti,55,Stem,2.5081574298916443,1.102607295814491,-8.775156907384941,4.2971182971987405,1.0008966462586528,-3.5666814973300447,1,-1.5164382128044742,-0.3264014334271694,0.9430477736543352
2787,26.798076923076927,45.4785238,9.2327907,18.938552,Davide_Rigamonti,55,Stem,-2.08492933414872,0.7673847048234826,-12.146800039311335,0.8374725623013406,-3.4249041609094784,2.6082481921158727,1,1.2526202574012082,0.1083504052631965,-1.1105240861787085
2983,28.68269230769231,45.4785297,9.2329323,21.91842,Davide_Rigamonti,55,Stem,1.3348587674488397,1.468902116081059,-9.383673700512306,1.4766519543851055,-1.9172617005804424,11.60404332731516,1,1.3993167063169858,0.010989770380329,2.316243229824416
3177,30.548076923076927,45.4785302,9.23307,16.830976,Davide_Rigamonti,55,Stem,1.039552809673716,0.6732505476666591,-10.582892104425538,-3.447261139073144,3.294014740618265,3.907274372088043,1,0.3152558053577865,-0.3196703875499568,-1.990076723555488
3276,31.5,45.478534,9.2331238,14.984532000000003,Davide_Rigamonti,55,Stem,-2.279754703826323,-1.5703541557709169,-10.194608779494668,-6.359756653405071,-0.6758531143681648,-14.692660351836745,1,-0.3365378674862847,0.0372239309451425,0.6005015587545959
3372,32.42307692307692,45.4785423,9.2331695,11.975032,Davide_Rigamonti,55,Stem,0.7634869154335647,0.8014480597807657,-10.012820868552527,19.0265449492097,-0.3769547193351839,7.139081369458383,1,-0.0181323262033018,-0.0334906494147519,-0.28284719038923
3470,33.365384615384606,45.4785437,9.2332048,10.561956,Davide_Rigamonti,55,Stem,0.4072045067895846,-0.9144358116054768,-8.02517379719969,-1.989670098408952,8.5510121951437,15.436699017838247,1,1.311725516107689,-0.3968181686328221,2.242846591492466
3568,34.30769230769231,45.4785323,9.233234,8.404376000000001,Davide_Rigamonti,55,Stem,-2.2606872986181057,-0.2377313480882905,-9.824547843246568,-9.617926696548858,2.9607302995853613,17.94938447496401,1,-1.599703394077017,0.0256822736183723,-0.8560849173467844
3665,35.240384615384606,45.47851729999999,9.2332508,7.930264,Davide_Rigamonti,55,Stem,-0.1369495970118827,0.386198340661758,-9.028566375391664,-18.657914796384237,-1.691101374432448,-79.41336172136313,1,-0.3992927689283629,-0.2356610545483317,-0.5375794409550902
3762,36.17307692307692,45.4785077,9.233279199999998,8.698844000000001,Davide_Rigamonti,55,Stem,-1.1250898565794096,1.0451649662006628,-9.638156047115752,1.5019462881214185,18.22631378717839,-58.814997379635976,1,0.3679331623226403,0.2118801023463777,1.0646557296901842
3859,37.105769230769226,45.4785123,9.2333103,8.422896000000001,Davide_Rigamonti,55,Stem,-0.750338681460211,1.3381369225301094,-8.132612698404067,0.8041023324864199,4.022646990226637,-25.6971750900172,1,-1.6303579017839316,-0.0806154065039368,0.3284161622331396
3958,38.05769230769232,45.47852879999999,9.233324,8.330296,Davide_Rigamonti,55,Stem,-1.9158422729916027,-0.4629803500810542,-10.983486326335084,-14.519033838489346,9.49908842672584,-56.98083293854408,1,0.1684641325554077,0.0320060902405173,-0.9128484065623504
4054,38.980769230769226,45.4785417,9.2333205,6.215312000000001,Davide_Rigamonti,55,Stem,0.2614598190864708,1.855898518247684,-6.266653406794702,10.493575973290188,7.330089945762527,-13.268088799650064,1,-0.0598068064201168,-0.2266447700786167,-0.6345051623051665
4152,39.92307692307692,45.4785468,9.2333078,4.200336000000001,Davide_Rigamonti,55,Stem,-0.4021333743634909,-0.4537627728515747,-10.500258920108417,-0.444292500580656,-2.3013243319248016,19.2540755584221,1,-0.4322456032225092,-0.2774320447881617,0.0547814180330643
4250,40.865384615384606,45.4785495,9.2332955,3.3150800000000005,Davide_Rigamonti,55,Stem,-3.021938460107507,-1.7241495385657342,-12.782124819430098,-16.75421394507991,-9.72942427008542,-34.84564397935915,1,-1.085476463061604,-0.0849701962001874,-1.5850594844125805
4444,42.730769230769226,45.4785432,9.2332598,5.052256000000002,Davide_Rigamonti,55,Stem,1.1926765424298809,-1.0706855448162085,-9.440315043168312,-12.653755145909956,-2.601615565693796,-31.058012884257607,1,-0.1404276371802522,0.5791151735083824,-0.5338408110757378
4638,44.596153846153854,45.47851970000001,9.233196,12.080596,Davide_Rigamonti,55,Stem,2.242735310240449,0.4598497212064162,-9.286301663422815,-5.446020796844581,-3.008493899153532,5.478642053281785,1,0.7765125436316342,0.0926106207328945,0.6309782844840139
4736,45.53846153846154,45.4785102,9.233132199999998,18.716312,Davide_Rigamonti,55,Stem,0.6803180698698534,-1.5141257081506745,-11.170706617720256,-11.258272267895116,-4.617466970271055,4.320445803513041,1,0.7043157279350201,-0.3785317862120916,1.7508654265245005
4834,46.480769230769226,45.4785043,9.2330522,20.290512,Davide_Rigamonti,55,Stem,1.0793105804705423,0.5485462178208741,-6.550229184405309,-10.052271532677196,-2.030966837561724,1.644270440355002,1,0.7433313235247457,-0.2495602351762558,4.578121276159619
4932,47.42307692307693,45.4785072,9.2329637,20.744252,Davide_Rigamonti,55,Stem,0.5904682465176638,0.3384742053281117,-10.804249622017968,4.961904252389177,-2.1142080096435167,1.0766866263074464,1,0.6710651296914218,0.6424621888067586,-0.0591030331039643
5028,48.346153846153854,45.4785067,9.2328768,22.114732,Davide_Rigamonti,55,Stem,-0.530706589024171,-0.5096869870133974,-10.801345536232644,-6.034196999142709,-3.318106561112645,1.9984639688478685,1,-0.0943802056327977,-0.0804719031430106,-0.8762903232031167
5225,50.240384615384606,45.478512,9.2326975,23.138888000000005,Davide_Rigamonti,55,Stem,-1.7372807868831734,0.917784715133636,-8.532808957796563,-2.707846557765476,0.6197611376058925,-0.0436243428208502,1,0.1104975408205632,-0.3591405287817548,0.3139577039866435
5322,51.17307692307693,45.4785207,9.2326202,19.929372,Davide_Rigamonti,55,Stem,-0.08154741834744,0.215846119223613,-11.214287919781595,-2.7834047222748586,-3.193397238747747,-14.46380036123642,1,0.8163171995867536,1.192117938629056,0.3854571593041705
5421,52.125,45.4785238,9.2325577,15.988316,Davide_Rigamonti,55,Stem,-3.2459922122029883,-0.2914314286217566,-11.619540928077354,1.2479055183555756,0.1444945222751128,6.529439792562523,1,-2.0941050500661498,-0.5660757266693455,-1.4861867684475225
5516,53.03846153846154,45.4785237,9.2325032,13.493672000000002,Davide_Rigamonti,55,Stem,0.3754731922953586,-0.2880473235793784,-8.384670972621095,-7.467177717663834,0.6553239447691563,-21.35537040281988,1,2.077423839686558,0.0907422086636787,3.66646876276044
5808,55.846153846153854,45.47851729999999,9.2323918,7.906188,Davide_Rigamonti,55,Stem,-1.363189628588388,0.5458894061419722,-10.895505785455796,22.576020729623327,-1.3948378669763084,46.07788507948348,1,-1.7465960048576346,-0.4273700455582782,-1.5190423170191174
5907,56.79807692307693,45.47851970000001,9.2323613,7.106123999999999,Davide_Rigamonti,55,Stem,-1.7144969273092328,-0.2103370943025403,-10.895551948712454,2.0265485966612653,8.352163335185312,45.04277444027786,1,-0.0470837417126639,1.3301570577871251,-0.804181544377764
6003,57.721153846153854,45.4785358,9.2323418,7.093160000000001,Davide_Rigamonti,55,Stem,-1.8224803610610285,-1.1514295898715334,-11.499719652489595,4.457084789210464,6.100159796810441,46.37147039858459,1,-0.3136697450487624,-0.9426640484794964,-2.66050425693145
6101,58.66346153846154,45.4785497,9.2323407,4.839276,Davide_Rigamonti,55,Stem,-1.0828780516694263,-0.7267093866448243,-10.396463539195729,16.752270439043635,13.892285448925216,114.46545777156896,1,0.7117722358905376,-0.2133597599842452,-0.0893106486954131
6199,59.605769230769226,45.47855670000001,9.2323437,2.9706080000000004,Davide_Rigamonti,55,Stem,-0.3632608724560933,0.742267473017851,-8.048261548005785,-12.664370934894723,-0.8889936263149476,-4.030245926556886,1,-0.0766423052013877,0.2756110687973425,0.6773054021506439
6296,60.53846153846154,45.47855620000001,9.2323465,0.8593280000000001,Davide_Rigamonti,55,Stem,0.332866163965422,-1.3307373389691508,-8.388193766876222,-5.294273312278583,13.535249391274965,51.34963984112797,1,0.0151575301860349,0.0833664373585583,0.8456199126133157
6393,61.471153846153854,45.4785522,9.2323435,0.4407760000000001,Davide_Rigamonti,55,Stem,-1.1236682224461323,-1.6777901667660198,-9.854328924737075,-9.07764536349548,-1.2519392965641498,-25.50542588364478,1,-0.0079566476241665,0.1022018253042478,0.1274291155603677
6586,63.32692307692307,45.4785525,9.2323423,0.609308,Davide_Rigamonti,55,Stem,0.0516268924322793,-0.0230589899944276,-9.8796055733842,0.3608395853127924,-2.3804950180523576,-0.2727321884436242,1,0.0046687972891713,-0.0082909469971116,0.0008712730657389
6783,65.22115384615384,45.4785473,9.2323438,0.450036,Davide_Rigamonti,55,Stem,0.1047050056685678,0.0077800930058872,-9.89792767205012,2.3197976565022294,-2.567585798941593,0.9034113151984892,1,0.0235133002033633,0.0055145632921289,-0.0337276598305535
7268,69.88461538461539,45.4785535,9.2323628,0.233352,Davide_Rigamonti,55,Stem,0.4100990036821491,0.1926107433371506,-9.852096178312603,-2.0421769574646875,-2.283350123069088,-3.895878280179419,1,-0.0146753115480394,0.0565547413907529,0.0122189401542094
7561,72.70192307692308,45.4785527,9.2323748,0.272244,Davide_Rigamonti,55,Stem,0.1895071158217647,-0.0986926237419333,-9.915127557487471,-0.8542207846423295,-2.159745058463935,-1.8127479518521945,1,0.0184834631935225,0.0100512786039877,-0.001209114544082
7854,75.51923076923076,45.4785458,9.2324033,5.889360000000001,Davide_Rigamonti,55,Stem,-2.3309151842885534,-0.7274566100725606,-11.830448879652948,11.984475353931517,-1.3177133008755662,23.48296216466609,1,-1.5863664622167568,-1.1417971684607686,-2.309935600965245
7952,76.46153846153847,45.478543,9.232427,7.8302559999999986,Davide_Rigamonti,55,Stem,1.4610917947908992,-0.9828096206757316,-8.751217570479081,-39.76580989707337,0.9396252718620968,-28.979926320205543,1,0.6464471953277227,0.3536784315511571,-1.1623596010088275
8050,77.40384615384616,45.478534,9.2324498,6.8098040000000015,Davide_Rigamonti,55,Stem,2.2198648413424813,-1.4267785168227696,-7.021688793314503,-4.859480333293292,-0.4477293024729745,-0.0441642287477783,1,0.2039885181825846,-1.1333996006264924,-1.232904901786556
8147,78.33653846153847,45.4785277,9.2324797,9.748928,Davide_Rigamonti,55,Stem,1.4279165033980172,0.6197897934682635,-8.526579881693557,7.233268538074608,0.1315415967114792,11.609989886630997,1,1.0414371884261564,0.336861554460693,-0.4427009950143361
8245,79.27884615384616,45.47852620000001,9.232522,13.356624000000002,Davide_Rigamonti,55,Stem,3.3295804499292214,0.1868607581637039,-11.262055293595717,1.455007566378268,-0.3528142971990715,-9.75383657116658,1,1.1830875683405608,0.1174970653906093,-2.015211214659772
8340,80.19230769230771,45.478526,9.232581800000002,17.864392000000006,Davide_Rigamonti,55,Stem,6.318298269254697,1.949823297529224,-7.477545301112268,-2.5727128867526963,-1.262235255399382,0.9821520405876228,1,3.9934546406180624,1.1831646452180005,3.852745855059813
8432,81.07692307692308,45.4785283,9.2326445,17.392132,Davide_Rigamonti,55,Stem,4.478560496287066,0.1263027473038601,-7.841898249458327,-1.8288826668081424,-2.8258570761824404,-7.9140636662284605,1,1.0190130100303376,-0.8092291493500021,1.8161312195898764
8623,82.91346153846153,45.4785357,9.2327877,21.246144000000005,Davide_Rigamonti,55,Stem,-7.129859465721974,-2.145981802937432,-19.82962710875749,1.9190925404502688,-4.424372084646875,-1.0572044571352004,1,-2.321041943444019,-0.5073777646346935,-7.106655914395063
8718,83.82692307692308,45.47854279999999,9.2328668,22.37956800000001,Davide_Rigamonti,55,Stem,0.6938931929520921,-2.174714555997884,-10.120574330477924,-0.9228127056939028,-4.151962597481834,-19.20622642372996,1,-0.998506264446362,-0.1279906627993408,0.3471092592756051
8815,84.75961538461539,45.47854470000001,9.2329427,21.762852,Davide_Rigamonti,55,Stem,-0.1722985020209171,0.5187909169679531,-8.369663289062022,5.2525872948306125,-2.0654922354610683,5.189498716427648,1,0.2116026510484457,0.2858433316229289,1.3320899355638751
8907,85.64423076923076,45.4785595,9.2330157,21.318372,Davide_Rigamonti,55,Stem,1.256854286343419,-0.3477620805778658,1.9219343102514184,3.078801526062564,13.602658111984756,11.389784732630131,1,-5.343098657558515,0.4795977316692308,-3.603820887513201
9093,87.43269230769229,45.4785643,9.2331443,18.942256,Davide_Rigamonti,55,Stem,0.5168474287248676,-0.1507742824885459,-13.289221046880147,-4.948134307247729,-0.2816447270412521,21.86984057913264,1,1.7679716584547982,0.4770137382765032,-2.789538771182088
9184,88.30769230769229,45.47855620000001,9.2332073,20.031232,Davide_Rigamonti,55,Stem,1.9155671340174016,0.9206806160068948,-9.190442175425249,-10.71533079360972,-2.046037089041345,5.122483458328731,1,-0.1382278992041119,0.7228704438864033,-0.6774234837342643
9470,91.05769230769228,45.47853900000001,9.2334528,23.620408000000005,Davide_Rigamonti,55,Stem,3.4988217306308464,-0.1306722523358804,-8.09783972621287,1.8481929690405936,-5.661860449751117,-3.7807493625424113,1,2.7845611264270014,0.4984605564251754,5.890710471137514
9664,92.92307692307692,45.47853720000001,9.233623,23.892652,Davide_Rigamonti,55,Stem,0.0499678475331388,0.0575634190164844,-10.164833969864686,-9.830990370647386,-3.2219420998308688,-10.665700515508746,1,-1.6393123816001278,0.0208712774540531,-1.0481891286608374
9858,94.78846153846152,45.478543,9.2337947,24.083408,Davide_Rigamonti,55,Stem,-4.403522760347478,-0.3089833117601002,-12.679565940584176,-1.6726697019842964,-3.288438964003612,-3.8659813302018913,1,-1.9855411977745687,-0.3117970894835594,-2.010487836714338
9954,95.71153846153848,45.478543,9.2338782,23.20370800000001,Davide_Rigamonti,55,Stem,0.7834393662608271,-0.07264008938697,-7.950708034849748,1.8272031713669417,-1.2894535227142023,8.853699100593042,1,0.6420892656945489,-0.0590883328997071,0.5584691484304836
10150,97.59615384615384,45.47853370000001,9.2340278,20.005304,Davide_Rigamonti,55,Stem,0.9228685169775596,-0.6582566014062629,-8.04444102749245,8.297111375347031,0.8501969768690403,39.927816955993706,1,-1.7854275765024523,0.1309813911620098,-3.3671452875135297
10246,98.51923076923076,45.4785382,9.2340933,18.512592,Davide_Rigamonti,55,Stem,0.0232731878677316,0.1096261380033345,-10.818040803714528,-0.1957640945122464,-1.3592394330221895,12.842815578742698,1,-0.8880724151598679,-0.3027366395199079,-0.9675323341581608
10344,99.46153846153848,45.47853920000001,9.2341528,16.430944,Davide_Rigamonti,55,Stem,0.0897213420730844,-1.0196613764729352,-8.33602053266517,-3.508802871810256,-5.203292227168756,-40.19681781574536,1,-1.2360638281644296,-0.5523851491385682,0.2117279828399922
10538,101.32692307692308,45.478546,9.2342483,11.18608,Davide_Rigamonti,55,Stem,0.8485842968992461,1.4382634872104008,-8.312624815871674,-9.87289860280607,-3.7512074063560026,-3.874988767053535,1,0.1538132426632407,0.7029136297968257,-1.0361995665542914
10636,102.26923076923076,45.4785432,9.2342735,6.622752,Davide_Rigamonti,55,Stem,-2.6446713805232576,-1.3338346256045868,-9.42357391254377,-2.723013499245792,0.9477416773641814,15.094152290111602,1,-0.9295684821441564,0.1468824601940714,0.5148743628868324
10830,104.1346153846154,45.4785373,9.2343053,3.7095560000000014,Davide_Rigamonti,55,Stem,-0.2763930413021393,0.3261997479241698,-9.802897946799677,10.7593113810955,-7.779495441366577,-9.031154766329731,1,-0.1045069756119906,-0.2165340942685928,0.2452969771712148
10926,105.05769230769228,45.478531,9.2343258,6.79684,Davide_Rigamonti,55,Stem,-0.0628355039874759,-1.9729462844008707,-8.975509368129483,-4.083643831573789,1.5350806635960588,-30.974040934666228,1,0.287867038652805,0.3356238566183261,0.7666007953881486
11024,106.0,45.47851179999999,9.2343442,8.85256,Davide_Rigamonti,55,Stem,1.3441493419235302,-0.4117293482870688,-9.727259840386274,1.4021833700413406,2.8756926868328883,31.1335146142383,1,-1.0560238562444666,-0.35745801024941,-0.2607055778566689
11121,106.93269230769228,45.478479,9.2343478,12.81584,Davide_Rigamonti,55,Stem,2.1386059747742805,-0.8549429492194609,-10.631254974447224,-19.97320687116869,-2.9398177621647035,-17.63618202877078,1,-0.3252088047685139,-0.4438528748850947,-2.2254235667953512
11219,107.875,45.4784357,9.234343199999998,17.443988,Davide_Rigamonti,55,Stem,0.8474731181648721,-0.4948279727103522,-2.182094482703782,3.5030999458814818,3.0992070567140004,4.582537942667662,1,2.3989201414223458,0.3383298314423663,7.831348789324629
11412,109.73076923076924,45.4783322,9.234336,22.125844000000004,Davide_Rigamonti,55,Stem,-0.2490700068817561,0.7268977884891895,-10.107571072213837,-10.787955810896149,-0.7457841552102584,17.269632103522337,1,0.3183370023944025,-0.5150819823534846,0.4071313142698063
11510,110.67307692307692,45.4782722,9.234338,23.368536,Davide_Rigamonti,55,Stem,0.0237023638858318,0.680609745567316,-6.882932638029171,4.042515549644355,-0.8239930891097189,2.4334866960193606,1,0.4036405226286158,-0.4867731151089608,3.2926420108065564
11606,111.59615384615384,45.4782122,9.2343358,23.827832,Davide_Rigamonti,55,Stem,4.58792432510776,2.4568612329134827,-5.197517387008704,-20.60215328863296,1.7983083598882532,-11.941883189816645,1,2.237892455198073,1.2017698233586331,3.5696654696416967
11703,112.52884615384616,45.4781542,9.23434,23.142592,Davide_Rigamonti,55,Stem,-0.0496921166775387,-0.0689432688384023,-8.542053254792545,-13.207896157185036,-0.4158912739611709,6.279906912256878,1,-1.5141748724663655,0.1508533530805467,0.2345251261109489
11801,113.47115384615384,45.4780948,9.2343477,23.146296,Davide_Rigamonti,55,Stem,1.8164821652849288,0.2131740027788151,-6.183413959110771,2.849764747741589,2.5918493744507303,-1.2864516251043412,1,1.1035238785253805,0.5863938324453101,0.6532509770650226
11995,115.33653846153848,45.47797070000001,9.2343523,24.2612,Davide_Rigamonti,55,Stem,1.0892374314359827,0.6717452327788361,-9.534230155609874,-3.703929085668652,-3.0135044140883083,7.858922672321037,1,0.9443591392205654,0.6748741153773681,1.5599507354714373
12091,116.2596153846154,45.4779107,9.2343525,24.20378800000001,Davide_Rigamonti,55,Stem,1.2671024804992572,0.6257557513585937,-8.517261239925812,2.6404146971458418,-0.2316293808506828,4.367555200209777,1,0.2087117203513013,0.6144206750860709,2.4175775111029214
12189,117.20192307692308,45.4778505,9.2343498,24.414916,Davide_Rigamonti,55,Stem,0.7146571157292091,0.3005170219422581,-10.490469408853263,5.110676479237801,-0.1261379775239968,4.785799981422132,1,1.4421166469710585,0.2762450206667272,0.6339122418394663
12383,119.06730769230772,45.47772970000001,9.2343507,23.953768000000004,Davide_Rigamonti,55,Stem,-1.8581105784302347,-0.6432183099399411,-10.88491049166902,-2.8202658950167216,-4.1727744846417645,-10.791964453042386,1,1.0204728643036516,0.0644652004086592,0.402563710690309
12675,121.875,45.4775503,9.234355,23.82042400000001,Davide_Rigamonti,55,Stem,0.2031049909874883,0.6069615723254137,-10.69096209296784,0.5119628168671149,-0.9758442101244676,-7.206707564640446,1,-0.4456835601350363,1.0356239351279188,0.7263153571269552
12771,122.79807692307692,45.4774895,9.2343528,24.23342,Davide_Rigamonti,55,Stem,0.258402310384931,0.2087144621949429,-11.25942952808274,-1.9561125932264511,-2.6729605159749323,0.251722153154339,1,0.4887250664545659,-0.2823409650486779,0.114607707227659
12870,123.75,45.4774302,9.2343552,24.031552,Davide_Rigamonti,55,Stem,-1.35253318613666,0.5388117753326048,-12.184250404034689,9.550352739034908,-0.7512051900097556,5.6404988245187,1,0.0118760252646998,-0.0436105074428009,-2.0259408530553262
13262,127.51923076923076,45.4771935,9.2343575,21.296148,Davide_Rigamonti,55,Stem,2.200170139327032,-0.7062410725160413,-7.369102176759332,-1.0594946746988807,-0.9272091957663672,-17.41046476923758,1,0.4364071203757549,-0.2106182587468664,0.6583242890522749
13359,128.4519230769231,45.4771417,9.2343515,19.820104,Davide_Rigamonti,55,Stem,-2.9923061030511784,-1.4608512081386928,-9.545737638068651,-4.878472247681665,-2.253147309936681,-11.105827923992804,1,0.2016925813871619,-0.266205435458553,1.2809358500794517
13456,129.38461538461542,45.47709329999999,9.2343362,18.89966,Davide_Rigamonti,55,Stem,-16.65541935847893,-3.102731212221179,-33.081043650405505,-3.120709241926797,-33.31774770218431,14.076403910225697,1,-15.628031317527473,-1.038788013820879,-27.22999571807752
13553,130.31730769230768,45.4770535,9.234310699999998,17.321756,Davide_Rigamonti,55,Stem,2.7323937667457288,-1.6769989381216233,-7.957360673004768,-10.69340807256456,7.459493881658743,-28.26697383783833,1,-0.792584526201825,-0.3818483300361641,-3.4093183392165622
13652,131.26923076923077,45.4770255,9.2342663,16.395756,Davide_Rigamonti,55,Stem,1.3074602870388188,0.4247295464662731,-8.419803516391191,4.8225644053722245,3.740622026669895,28.246585555642834,1,0.1618917420964927,-0.350535024625494,1.344466495354817
13749,132.2019230769231,45.4770127,9.2342075,17.625484000000004,Davide_Rigamonti,55,Stem,1.016833616930216,-1.7638913471907625,-9.397962521307656,-5.408089211804521,0.0759138176996252,2.189986144036532,1,-0.526097790919956,-0.1031720531001232,-1.354386629032046
13847,133.14423076923077,45.47700579999999,9.2341348,20.586832,Davide_Rigamonti,55,Stem,-1.3112280383073578,0.0426074068608705,-12.047345384544132,-0.63776324980822,-7.568269987320898,1.554300553750875,1,-0.2695110281013302,0.0705377294159573,0.8371758215861131
13945,134.08653846153842,45.477002,9.2340623,20.516456,Davide_Rigamonti,55,Stem,0.9004444427713482,-0.4422232330955988,-9.265401024754144,2.609063537698411,-0.4768588672167469,-3.393216543902538,1,-0.0524056055143138,0.4286334150829285,-0.7330856437131086
14042,135.01923076923077,45.47700379999999,9.2339885,20.797960000000003,Davide_Rigamonti,55,Stem,0.3582003873973586,-0.5350165444883722,-8.605996124828176,-9.802031200743894,0.0240263643490106,-5.772497396461562,1,0.2062380849647454,-0.3091011966480758,0.0774495005453204
14240,136.9230769230769,45.47700250000001,9.2338252,21.975832,Davide_Rigamonti,55,Stem,-0.4423480002026938,-0.6223720324823381,-10.646858924528908,-2.6728096994077406,-4.160445856311664,-12.181382157138763,1,1.2515570221478118,0.4719713318911751,3.629905121051245
14337,137.85576923076923,45.4769998,9.2337377,23.264824000000004,Davide_Rigamonti,55,Stem,-0.0953775705673607,-0.0702590661117065,-9.635768949038912,-0.727650086772857,-1.2895065896745772,-1.5365546888450048,1,-0.215844325263289,-0.0699310498895714,-0.5740528416624944
14630,140.6730769230769,45.4769767,9.2334602,23.638928000000003,Davide_Rigamonti,55,Stem,-1.5898522097271883,-0.2695101320152018,-9.22367189802778,8.835631081373199,-0.5906650662728383,2.1875591942638826,1,0.0325395766117277,-0.3050712224793872,1.202926480650083
14727,141.60576923076923,45.476973,9.2333762,23.616704,Davide_Rigamonti,55,Stem,-0.002604154862989,0.9000687327595313,-8.903069014384005,23.55529754094555,-2.408818168038535,15.704125614766768,1,1.0174174487094347,-0.2138845889767778,-0.666102675950409
14825,142.5480769230769,45.4769805,9.233299699999998,21.762852,Davide_Rigamonti,55,Stem,-0.9243746198384692,-0.0100316385002511,-10.289904149205606,1.0234171349517087,-1.5221293584311004,27.80966095282648,1,-0.4527865690842034,-0.5081434364897102,0.4856472484603742
14924,143.5,45.4769698,9.2332272,18.720016,Davide_Rigamonti,55,Stem,2.7847563516819167,1.751626053362135,-6.454096825797198,10.966217230310813,-3.5158591051564057,10.411305821346916,1,-0.1330070861681025,0.7835886088545855,-0.2644587862069292
15314,147.25,45.4769345,9.2328995,24.935328,Davide_Rigamonti,55,Stem,-0.6519695307032611,-0.8435574011936474,-9.47623226034922,-1.1998038828241055,-3.797928186780117,6.01677567985662,1,-0.8111301443138121,-0.109814118352659,-0.7899998402106849
15509,149.125,45.4769315,9.2327415,21.564688,Davide_Rigamonti,55,Stem,0.9605792404357522,-0.0339334942428658,-9.358944094497575,-6.739665618489933,-1.8335894877901355,-7.7092442412241695,1,0.9866676589305916,0.0741142591631597,2.714782731600394
15608,150.0769230769231,45.4769468,9.2326552,22.30734,Davide_Rigamonti,55,Stem,-0.6191199109281713,0.9880855461706224,-8.654143269069989,3.389609075299685,-2.763214152132905,-15.32786013971766,1,-0.4996087022821792,-0.3425218852032086,1.1849146608910832
15704,151.0,45.4769535,9.232568,22.099916,Davide_Rigamonti,55,Stem,1.5963245766266263,0.468485846472501,-6.104617216088755,-3.0580252080651538,-0.0069940659669578,-4.558612599824835,1,0.4451111071882874,-0.0705934949200856,3.0923297466039017
15803,151.9519230769231,45.4769458,9.2324733,23.44632,Davide_Rigamonti,55,Stem,1.4861192382686876,1.0696826956281495,-6.552779477371174,5.261720849119318,-0.2137226376906844,-1.5915227134166647,1,0.3365607678615861,0.0669969305940298,-2.03491959734764
15899,152.875,45.476952,9.2324103,15.712368,Davide_Rigamonti,55,Stem,-0.0011670604160568,0.385801063836077,-10.496374537929,8.785746008550504,-2.0017044041436822,-2.2297102124698247,1,1.3710893520678336,0.5007006075865978,0.4609643736200457
16096,154.76923076923077,45.4769552,9.2322575,19.477484000000004,Davide_Rigamonti,55,Stem,-1.2618765813239508,-0.4542406515479331,-10.505968046371173,3.256499322848774,-2.560364124006841,-2.2738950877548865,1,0.2152066085641489,0.4676794387796253,0.3170104660231949
16193,155.7019230769231,45.47694570000001,9.2321803,19.603420000000003,Davide_Rigamonti,55,Stem,-1.4850953418986224,0.1991130677718139,-8.956919226636954,-6.488156755840093,-0.7550989073746681,-0.3808961678497949,1,1.1638512774532856,-0.9267539357929844,-1.5691279505309534
16292,156.65384615384616,45.476947,9.2320933,22.572176,Davide_Rigamonti,55,Stem,-3.671865533868501,-1.5354473683457917,-11.631194035212872,8.980110386529304,-6.154780596002282,-1.5609277314800611,1,0.1594786499591101,-0.3965469632984125,-0.7323913922972859
16391,157.60576923076923,45.4769545,9.2320048,22.531432,Davide_Rigamonti,55,Stem,-1.1851328817469993,-0.7021457532593377,-12.761262772556233,-8.14880754845005,-4.140058979050044,-3.3024443867131765,1,0.0397035501874976,-0.2548276148982855,0.1546201449932436
16586,159.48076923076923,45.47695170000001,9.231824,21.998056,Davide_Rigamonti,55,Stem,-0.3899800491523235,-0.5817797066971011,-9.57939005496034,-3.360597466886688,-2.5245215586869145,-2.3204080174568897,1,-0.0701059855330999,-0.0370861198969206,-0.3914540530233914
16682,160.40384615384616,45.4769565,9.2317427,21.675808000000004,Davide_Rigamonti,55,Stem,0.9005761405058611,0.1448697756472648,-10.556401332759227,-2.061990063942095,-3.6234394714426488,-2.8452189872290914,1,0.8380898918569255,-0.1546623455952745,0.402420944206467
16781,161.35576923076923,45.4769528,9.2316558,22.403644000000003,Davide_Rigamonti,55,Stem,-1.0113157760754068,-0.5354949871368778,-10.521226575027608,-9.22457462876854,-5.0287416562572815,-6.124865626349592,1,-0.0008706644063476,0.0430703809165173,0.6491141091826353
16880,162.30769230769232,45.476942,9.2315638,23.049992,Davide_Rigamonti,55,Stem,1.9101103792396616,0.53046987411393,-10.757437460259702,5.869449717137501,-3.494486657318728,-2.8064352494292013,1,0.7362433483841087,0.1920294900979814,-1.0135188276824358
17074,164.1730769230769,45.4769378,9.2313885,24.000068,Davide_Rigamonti,55,Stem,1.1460982996652451,-0.5890287684028827,-8.345223898411158,-3.101958558018775,-2.851522396524458,-7.732875452452848,1,0.1273780725467648,-0.3943921514103825,0.7573316722511052
17171,165.10576923076923,45.4769285,9.2313003,22.551804,Davide_Rigamonti,55,Stem,1.1514592273947382,-0.5645897240731961,-9.625553537812069,-11.636706540452206,-4.259396710735017,-0.2069156802525951,1,1.5664825739290045,0.2514807296653117,-0.4732685365862714
17270,166.05769230769232,45.4769335,9.2312147,23.15,Davide_Rigamonti,55,Stem,1.1675001470444628,1.13660299433127,-7.978559497359392,15.818570991393171,-1.875280381632488,5.425958683012679,1,0.4188382634624445,0.5244499918612832,0.8246178050262776
17369,167.00961538461542,45.47694170000001,9.2311155,24.264904,Davide_Rigamonti,55,Stem,1.176102584100791,0.2412291049398047,-8.762423519492053,-6.363517921139931,-1.9323416445228432,-1.7988712342389483,1,0.7294260703939797,0.6394474725879158,1.3155829548725535
17854,171.6730769230769,45.4769475,9.2306552,23.842648,Davide_Rigamonti,55,Stem,-0.3282566165259749,-0.3983128735167557,-9.707707882766144,4.894099398438311,-2.4391660967464635,0.4228288843564098,1,-0.035290277255461,0.2632783717561074,0.2414609494742059
18051,173.5673076923077,45.4769558,9.2305028,19.071896,Davide_Rigamonti,55,Stem,-0.0986788832445773,-0.2664907099049608,-7.981055089621186,-13.722993803404504,-1.6216348542982544,-33.54102144384205,1,-0.4190648018493745,-0.2764744389584389,1.0354693715161618
18245,175.4326923076923,45.4769662,9.2303878,12.913996,Davide_Rigamonti,55,Stem,0.2912594756705959,0.3309276575094126,-9.775940954548425,5.7733476153897225,0.0224784208336306,6.437153142174717,1,0.4615074383205728,0.0607784255012175,-0.0212300970358363
18343,176.375,45.476968,9.2303465,10.22304,Davide_Rigamonti,55,Stem,0.4224821313481833,0.0052279857776671,-9.516046512977804,-7.786936240328981,-2.102828387190052,-10.0834450137094,1,0.9563250967626588,-0.086271668240054,0.7328055984287758
18537,178.24038461538458,45.4769677,9.2302912,5.559704,Davide_Rigamonti,55,Stem,-0.6221507028719312,-0.1341055985295949,-10.44431673989661,-0.9241070214214931,-3.6382089998389207,-0.214549671784038,1,0.4446461823943825,-0.2840228171306362,-0.0228548772098644
18925,181.97115384615384,45.4769733,9.2302177,3.64844,Davide_Rigamonti,55,Stem,-0.9136166794914772,0.4105282515030366,-10.309427467096548,1.940147020314948,-2.19970704312666,-4.807826132958426,1,0.09584336425438,0.0556590959073299,0.152642752386626
19215,184.75961538461544,45.4769718,9.2301967,0.114824,Davide_Rigamonti,55,Stem,0.2884615229558553,-0.1106269779414916,-9.92514801970428,-0.5807102491096048,-1.7829880290483209,0.0930880787408821,1,-0.0154548979053134,-0.0200298229954105,-0.0282330356960773
19411,186.6442307692308,45.476973,9.230191,0.035188,Davide_Rigamonti,55,Stem,0.1493426162834406,0.7077646954022724,-9.857694201960111,-0.3219564205960958,-2.1866070176440475,-0.93005992247266,1,-0.0038886592244292,0.002372400216116,-0.0356522577846458
19605,188.50961538461544,45.47697470000001,9.2301905,0.125936,Davide_Rigamonti,55,Stem,0.1074425247659727,0.6469343078194855,-9.825661154030476,0.5615848170935784,-2.3810228538684743,-0.2956203859482933,1,-0.0235695900057447,0.0262924147680735,0.012451191277476
19897,191.3173076923077,45.47697720000001,9.2301858,0.140752,Davide_Rigamonti,55,Stem,-0.0497855882659932,0.7970454240882121,-9.831211028200572,0.1664151778055762,-2.138189700875259,-0.4253364714726775,1,-0.0257162138112264,0.0101424565294139,-0.0015002933686485
20771,199.72115384615384,45.4769683,9.2301612,0.066672,Davide_Rigamonti,55,Stem,0.0415777640456698,0.9007395925880048,-9.834026445863946,-0.1317385709901657,-2.129314371495001,-0.8740329628937973,1,0.0130059618609817,0.0066287192206742,-0.0229808526112407
20867,200.6442307692308,45.4769693,9.2301573,1.2815840000000005,Davide_Rigamonti,55,Stem,2.874201526146168,0.7557343102842013,-10.143166595002752,11.728438812403024,-2.229681036650258,2.1522307024247542,1,0.2649274868598939,-0.1283654366075398,-0.1411208296110278
21257,204.3942307692308,45.47696129999999,9.230006800000002,14.660432000000002,Davide_Rigamonti,55,Stem,2.589066668589324,-0.2104517091410339,-7.2160963794029405,-4.196116731418432,0.2390216682182716,13.845569266210198,1,0.9397417692779836,-0.3367328246736487,3.778948455454144
21451,206.25961538461544,45.4769508,9.2298648,19.488596,Davide_Rigamonti,55,Stem,-0.6419665142337289,-0.9272343599112618,-10.79338668516302,-4.275166022355099,-1.9903485047656384,2.893307630123812,1,-0.2047642634315583,-0.6035269667311821,-0.0532737263968208
21645,208.125,45.476953,9.2297197,19.099676,Davide_Rigamonti,55,Stem,1.1514571760815708,-1.475735914689726,-9.667576202299609,-27.66577014576955,-1.5939721576284414,0.9554503742821518,1,0.347051217767083,0.3016695720358959,-0.0626972810392345
21741,209.0480769230769,45.476951,9.2296457,20.47386,Davide_Rigamonti,55,Stem,-0.6026803073453414,-0.7298403449191277,-11.144507325220475,-1.794877882587362,-3.3950268712614515,-2.0858197679348445,1,1.043595927310001,-0.1973384488922546,0.7328329918661982
21839,209.99038461538456,45.4769443,9.2295797,18.55704,Davide_Rigamonti,55,Stem,-0.950775167401962,-0.8285299966636493,-13.726568666023862,4.933149625012903,-4.708610330716276,6.826092220115736,1,-0.181545028246262,-0.702876000971473,-2.0191251701859687
22033,211.85576923076923,45.476938200000006,9.2294285,18.031072,Davide_Rigamonti,55,Stem,-0.4254290232195745,-0.813315655694792,-11.083906100709989,-2.501040495800301,-1.5401267572839423,-6.858604016456307,1,0.0110742719977206,-0.0740613658253951,0.0556256532701144
22131,212.7980769230769,45.4769203,9.229354,21.468384,Davide_Rigamonti,55,Stem,0.2287339455252587,0.7674817983140724,-9.1307922762149,-7.394038059539183,-1.0754364027416026,5.293619922134054,1,0.2998282952436557,-0.0700093981081284,0.2547724808758556
22227,213.72115384615384,45.4769135,9.2292615,24.616784,Davide_Rigamonti,55,Stem,1.134087468597328,0.4035019868409087,-9.26142458144037,-0.15344412821955,-1.0740851109043668,-2.988456651312835,1,0.3040913829682363,0.2681504785956443,0.0016398375845945
22325,214.6634615384616,45.4769058,9.2291825,21.303556,Davide_Rigamonti,55,Stem,0.5493024051820005,-0.2302897237479973,-9.085110981700332,-0.0433190568424395,0.0697497749156408,-4.747446309222039,1,-0.6304416335393958,-0.1596973309063916,-1.0156938887574132
22421,215.5865384615384,45.4768947,9.2290975,22.764784,Davide_Rigamonti,55,Stem,-0.0755620444656578,0.2303819450214884,-8.378038133371696,1.0179919394175163,0.2681295687782521,-5.089545837934009,1,0.7761749655325683,0.4161481699666637,2.21784544429994
22519,216.52884615384616,45.4768883,9.2290095,22.090656,Davide_Rigamonti,55,Stem,0.1387413114783727,-0.1467785967030645,-10.1584426770984,-2.4846050796988104,-3.61849159297425,5.8913065209344175,1,1.1999435305432504,-0.0012375386869734,-0.3642400646552648
22617,217.47115384615384,45.476889,9.2289427,16.432796,Davide_Rigamonti,55,Stem,-0.3259055686282551,0.4773086896359298,-9.944353628454538,0.73030727037977,-2.0326545551406547,3.905233372065811,1,-0.2659634837467621,-0.2863952428394854,-0.3765185499319461
22712,218.38461538461544,45.4768857,9.228878,18.090336,Davide_Rigamonti,55,Stem,-0.7548390861354662,0.0073255608141182,-10.52452975226757,-3.6994925982055538,-3.329887065767169,-8.259432194841311,1,0.4360721587978517,0.4161048866098701,0.8639082756985985
22909,220.27884615384616,45.4769042,9.2287425,16.017948,Davide_Rigamonti,55,Stem,-2.0974961659702336,0.8364535215074091,-11.670572860524723,-12.574112976662462,-4.955698621625888,8.162186398500742,1,-1.3484986165017845,-0.2902513964477717,-1.6637028690838491
23006,221.2115384615384,45.4769185,9.2286607,19.80714,Davide_Rigamonti,55,Stem,0.3297705433305881,-0.5738646796352851,-10.209931006246723,5.356096062083234,-1.8649110864993568,-3.418654771610925,1,0.8398141138788555,0.1660569721040125,-0.6561199629854517
23102,222.13461538461544,45.4769318,9.228602699999998,15.519760000000002,Davide_Rigamonti,55,Stem,-0.2439280686356583,0.7573586134032532,-9.329805660968724,1.6205298639470611,-0.0454087198221961,6.565574282042687,1,0.3572393993159023,0.5489939944885667,0.9092649856788936
23296,224.0,45.4769075,9.2283867,22.136956,Davide_Rigamonti,55,Stem,0.2940714778869816,-0.8430359503012773,-10.454898892897251,-10.375938300340117,-3.641745709006712,-5.244567102392829,1,-0.0925547861006692,-0.225148326303469,-0.3768378109521606
23491,225.875,45.4768978,9.228195,24.440844,Davide_Rigamonti,55,Stem,-0.6292034908027068,-0.8816211190205462,-9.940695828016311,3.1193599867812627,-0.4488999323378517,10.950797550668865,1,0.1296833547264075,-0.4397046562910841,0.6800622107926468
23588,226.8076923076923,45.47689570000001,9.2280968,23.975992,Davide_Rigamonti,55,Stem,-1.496205956317179,0.1437839530660022,-10.782639522055929,-3.051594198381582,-2.1549648642082024,-2.774544771264557,1,-0.9022007793376466,-0.2327914768256153,0.2216967054519987
23685,227.74038461538456,45.476897,9.2279965,26.02986,Davide_Rigamonti,55,Stem,0.6086923913680186,-0.0699716470136027,-9.972132561604337,4.970225163197059,-2.513833314464499,-1.0523686428539465,1,1.0118844955820074,0.1568208976752952,1.0682473329942006
23783,228.6826923076923,45.4769015,9.22791,23.209264,Davide_Rigamonti,55,Stem,1.0437063740077115,-0.1190291034595156,-8.741165876670534,-0.2664854468005915,-0.051464345296126,11.613433427962145,1,-0.4473008408492294,0.3379929912356781,-0.5368167975898324
23880,229.61538461538456,45.4769223,9.2278478,16.564287999999998,Davide_Rigamonti,55,Stem,-0.9879914792876604,-0.3568037078937919,-10.514084513261457,8.386276848584004,-2.069928064789358,0.6772488762908853,1,-1.094468961141436,-0.3981946548642322,-0.1418701946233085
23976,230.5384615384616,45.4769335,9.2277742,19.959004000000004,Davide_Rigamonti,55,Stem,0.6794550786060193,0.6034412153023745,-9.461088745583591,-1.609591911763654,-0.1597396981136061,-3.3366362667710776,1,0.5607915422048118,0.4282060712093642,0.023490211883649
24171,232.4134615384616,45.4769363,9.2276043,18.060704,Davide_Rigamonti,55,Stem,-0.5477241145645718,0.318555044489044,-10.80825212004092,4.361899653876524,-3.310014512109288,-4.304620486931588,1,-1.3611623232231382,-0.2799418118625568,-2.9926627159387564
24365,234.27884615384616,45.4769342,9.227467,14.678952,Davide_Rigamonti,55,Stem,0.5400047125596399,-0.9425887421942696,-9.271787710947711,-9.968628109396452,2.3620268242021183,-17.87936475399673,1,-0.8994172415622985,-0.102671072697144,-0.4529609446472342
24463,235.22115384615384,45.4769352,9.2274138,13.026968,Davide_Rigamonti,55,Stem,-0.5132393905372077,-0.3821577100706268,-11.122878328348715,-1.0848814846802233,-0.5774722239850236,-9.979827696612393,1,1.3454808614940004,-0.0003700812779633,0.9665895865653908
24656,237.0769230769231,45.4769167,9.2272908,17.503252000000003,Davide_Rigamonti,55,Stem,-0.181582412803741,-0.1976149598968231,-10.153289256770432,6.057050081083858,5.169503229010651,23.17072022361185,1,0.9232989689472136,-0.0907192558698507,-0.2030722360927512
24754,238.0192307692308,45.4769352,9.2272347,14.169652,Davide_Rigamonti,55,Stem,-0.4489447720432066,-0.0670739589075946,-10.64509263911548,-10.98305083336199,11.472991639439078,38.10263169530924,1,0.8925803521514679,0.1648511295374297,0.5508087800891364
24850,238.9423076923077,45.4769723,9.227201,14.240028,Davide_Rigamonti,55,Stem,-1.0854207872968138,0.6925976601056395,-9.486436268633112,3.712564682908616,-14.631797163618026,3.7990466593452616,1,0.1539452803836158,-0.1752146007085202,1.5778901437323702
24948,239.88461538461544,45.477013,9.2271738,18.808912000000007,Davide_Rigamonti,55,Stem,0.9319218280057144,0.299874837535886,-11.608707572756485,-11.682956515661356,4.5425564115630745,21.04196107852643,1,0.0695680996220002,0.1854283699575516,-1.3156184445914452
25046,240.8269230769231,45.4770573,9.2271538,21.894344000000004,Davide_Rigamonti,55,Stem,0.1565153991930471,-1.2128170343026556,-9.504054255358383,-1.0007950950887097,-7.8746507627059374,-13.593734482824422,1,0.0116977828976368,0.0819896231621735,0.1215275152520778
25144,241.7692307692308,45.4771153,9.2271492,22.614772,Davide_Rigamonti,55,Stem,0.6764594174186698,0.5230734559938234,-6.578131673288965,6.600108624362706,7.563472098569383,21.95315453213105,1,-1.7967331242661024,0.0547893082595281,-3.2565286349250586
25239,242.6826923076923,45.47717120000001,9.227148199999998,22.453648,Davide_Rigamonti,55,Stem,1.2561549124762332,1.2800070048485177,-4.320547394768792,21.601831164866176,-1.00175276979817,16.764996910493547,1,1.3179751744403476,0.5415634364412193,3.182386456198145
25337,243.625,45.4772285,9.2271517,22.80738,Davide_Rigamonti,55,Stem,3.952936784293984,0.1832817253343352,-4.618329142302806,-2.499334127398094,-5.4737533175204725,2.842129433331734,1,2.7667317620625047,0.912338418262782,4.53003990094324
25433,244.5480769230769,45.4772818,9.2271417,23.664856,Davide_Rigamonti,55,Stem,-0.6261402536365245,1.4779097780244597,-9.80339993541996,4.122452910776077,4.877320357608307,-7.178879961451657,1,1.180420362305053,0.3103139822752006,2.659535549031032
25531,245.49038461538456,45.4773403,9.2271365,23.4278,Davide_Rigamonti,55,Stem,1.2042129871657097,0.3325929269371268,-6.843065850331133,1.7486542385182158,-8.689867234107188,-7.219017917241424,1,1.5769101595038957,0.3816701562512296,1.3425969420955806
25626,246.40384615384616,45.4773995,9.2271388,24.263052,Davide_Rigamonti,55,Stem,-0.3470264223138867,-0.4718715062223578,-8.60046841526367,-9.079321299822055,5.9373422172064885,5.7797850470445225,1,0.5064133317881346,-0.0886392916405693,2.4115563258549138
25822,248.2884615384616,45.4775203,9.2271283,23.803756,Davide_Rigamonti,55,Stem,-1.9591960392311103,-0.7053235320782448,-15.57600645677284,-4.774838506227584,-4.199727579371531,-0.3963079075898665,1,1.4980471282083538,0.2499574857682731,2.686733903945763
25920,249.23076923076923,45.4775798,9.2271267,23.688932,Davide_Rigamonti,55,Stem,-1.8204700150160151,0.1181986309208024,-17.631865902197212,6.770118731937728,3.371530694871661,7.402290559675361,1,0.4376365703128575,0.1309835111887791,-0.390368170392037
26015,250.1442307692308,45.4776413,9.2271273,24.114892,Davide_Rigamonti,55,Stem,2.5656216655935222,0.319595863791854,-7.813438712726329,-10.717902236761322,1.7719949543630058,-11.793023169526515,1,1.2138012542372911,0.6584285222567019,2.171802758164505
26113,251.0865384615384,45.47770070000001,9.2271205,24.540852,Davide_Rigamonti,55,Stem,1.2562334222883131,-0.6938452341502652,-5.703894258407441,-41.87900303884416,-4.878274278924911,-37.31634220820008,1,-0.8694349922915445,-0.8200852411893589,-0.4945536646623445
26307,252.9519230769231,45.4777987,9.227047,20.916488,Davide_Rigamonti,55,Stem,3.0469213420414225,1.7073868628016635,-10.165704828977212,-6.974867091453482,-0.425375635030048,-3.000175382340572,1,1.3169236206423154,0.0049544258305809,1.2901560501682408
26405,253.8942307692308,45.4778445,9.227007,19.303396,Davide_Rigamonti,55,Stem,0.8127108107424769,-0.9585284441403492,-9.367622386954512,10.56657947441008,-18.968201016884173,-22.891813766557917,1,-2.4470499660849,-1.600598023440298,-7.9966286878797375
26502,254.8269230769231,45.4779023,9.2269765,21.646176,Davide_Rigamonti,55,Stem,-4.054797582463186,-1.08741559646094,-13.428358129173532,-26.943537068323536,-0.1695141143537162,-16.0897461953072,1,-3.3892918899345825,-1.172586486040501,-4.759778494798235
26697,256.7019230769231,45.4780018,9.2269332,17.288420000000002,Davide_Rigamonti,55,Stem,0.3984115218760357,-1.52041109665793,-12.249400991179384,-2.030825699584345,-0.3757870820168812,-19.37837053995453,1,-1.0693962428441068,-0.6335866712916641,-2.0061450103380807
26793,257.625,45.47804779999999,9.2269192,18.831136,Davide_Rigamonti,55,Stem,0.2113862455216235,-1.123188631509629,-9.3459112014748,9.414246135845346,-1.5337812362862828,12.901939990377786,1,0.3918506787066538,0.3407891295555825,1.1252311879401926
26891,258.5673076923077,45.478101,9.2269097,21.703588000000003,Davide_Rigamonti,55,Stem,-0.0359965352234759,0.2505809767358589,-9.274336248617916,-7.091371338303738,-2.0121408939757623,1.045250077295412,1,0.3506614957882576,0.4410659295341181,1.2143706299910733
26987,259.49038461538464,45.4781582,9.2269058,23.17592800000001,Davide_Rigamonti,55,Stem,1.5223434124103403,0.613368879798688,-7.4200739657652734,7.751428764388196,3.2586293938601165,16.536216116096792,1,0.0809957440142854,0.204502155090176,1.852593200985596
27086,260.4423076923077,45.47821879999999,9.2269167,23.498176,Davide_Rigamonti,55,Stem,-7.581798083149599,0.2482773184497542,-12.502369722937384,0.5828628577094133,-2.7596942519396137,14.617176480999715,1,-6.629966014860178,0.2859669447628757,-5.184497248291321
27182,261.36538461538464,45.478275,9.226938699999998,23.809312,Davide_Rigamonti,55,Stem,3.3132431373649083,1.49067002762683,-11.690412024583454,-10.981101660219991,-3.6256096610463455,-5.050145137833892,1,-0.8636626693676931,0.2677234829232897,2.4708405618243368
27278,262.28846153846155,45.4783363,9.2269577,25.124232,Davide_Rigamonti,55,Stem,4.205739758390986,1.9247696798352505,5.4152233741476365,-7.3540324802947215,15.231888903177348,-20.057452790065533,1,11.495110042028823,2.5184096744448987,30.094850038348262
27376,263.2307692307692,45.4783878,9.2269935,21.577652,Davide_Rigamonti,55,Stem,-0.8155785678214638,0.4817471381465521,-9.957211279021283,-0.3606028851869745,-5.97904259588008,7.41322937626604,1,1.5358458404147095,-0.1240470745839884,2.924860228582439
27471,264.14423076923083,45.4784305,9.2270287,18.006995999999994,Davide_Rigamonti,55,Stem,-1.5478253696103312,0.9840338565033984,-10.338398825876236,-0.3752062326710783,0.2299473705483494,-9.055442322887789,1,-2.770645373101932,-0.6541381404730857,0.4183544141381894
27569,265.08653846153845,45.4784708,9.2270572,17.18656,Davide_Rigamonti,55,Stem,0.2503488662685246,-0.20817108452639,-14.262439404575913,-13.706221093606276,2.3129480025146325,-91.99354262437572,1,-1.077728855943528,0.3620987536174129,-2.0924437695319638
27667,266.02884615384613,45.4785092,9.2270597,15.621620000000002,Davide_Rigamonti,55,Stem,1.637925818158221,-0.00336378302072,-9.039824099416675,4.51645680612708,-3.8241079381201466,-13.324524114303054,1,-0.0993069229865282,-0.1836560930143669,-0.3527933868083988
27763,266.9519230769231,45.478554,9.2270588,17.555107999999993,Davide_Rigamonti,55,Stem,-0.1209613413011708,0.4367382666758195,-12.68639418999289,6.185107796490416,-5.8538084159067525,1.5190587400548845,1,-3.714620159917843,-0.6465762472080641,-6.923252398567172
27861,267.89423076923083,45.47860429999999,9.2270507,20.892412,Davide_Rigamonti,55,Stem,3.7399511881603766,0.664092502137222,-2.814438364760982,-4.909234052432876,-5.162279838879682,-9.810157623837007,1,0.3581852655682698,0.170022379142909,1.9999740123010008
28152,270.6923076923077,45.4787742,9.2270332,23.116664000000004,Davide_Rigamonti,55,Stem,-0.1103852256490169,-0.8960272245803238,-10.225180493995872,-1.7261940664221234,-2.3857799573068657,-1.1978779352765434,1,-1.3019078370094908,-0.2691334284979014,-0.4450156466820179
28250,271.63461538461536,45.478835,9.227032199999998,23.60374,Davide_Rigamonti,55,Stem,-0.6851223589476846,-0.9547668503428796,-9.164869177501808,0.7664036692676914,-8.053265052610959,-11.047710046704095,1,0.8904992389210523,0.0816350338466754,2.9206592428431666
28346,272.5576923076923,45.47888920000001,9.2270272,21.262812,Davide_Rigamonti,55,Stem,-1.6807666382765032,1.026526970224864,-12.191885093455529,-6.38134915747461,1.1326681848844995,0.6487085012818771,1,-2.0035424849125074,-0.3441964080185769,-2.3550066616834435
28442,273.4807692307692,45.4789393,9.2270302,20.799812,Davide_Rigamonti,55,Stem,-3.664445819728894,-1.4830948041341334,-13.4057032654949,18.2416987616378,-8.122329666322376,-33.13846795466972,1,-0.9940951556207048,1.2906723113692506,0.536938713918719
28539,274.41346153846155,45.4789883,9.227041,20.370148,Davide_Rigamonti,55,Stem,-0.3473606576620736,2.1070124387035443,-9.419344002388328,16.139536320666338,-1.9120927118520243,16.676385463550435,1,1.5890680720956052,0.0591032346856361,2.1140918410328347
28637,275.3557692307692,45.4790228,9.2270327,13.09364,Davide_Rigamonti,55,Stem,-0.6625915444971274,1.1389833322993526,-10.031772253179874,-7.726148693963709,0.7232933079283903,-22.27472716576012,1,-1.035757018337771,0.2705181818883283,0.4763400791005612
28735,276.2980769230769,45.47905520000001,9.2270147,12.830656,Davide_Rigamonti,55,Stem,-0.446710967602848,0.8498530515556447,-8.285022183392245,4.9647150521170085,-6.173219029444168,0.7008167631597537,1,0.0950218681395729,-0.1021565661791664,1.1081512018329125
28832,277.2307692307692,45.4790868,9.2270067,11.22312,Davide_Rigamonti,55,Stem,0.0954497929175525,-0.1813320345935944,-8.853643843273257,5.374323131330751,-4.513713609511759,30.90667280330635,1,-0.6294813107426682,0.0194883264486931,-2.006504283181914
28930,278.1730769230769,45.4791037,9.2270092,5.826392000000001,Davide_Rigamonti,55,Stem,-0.1822368923847884,-0.7249287506168215,-7.484606360984629,6.152061798307133,20.943335344087643,54.07161648931158,1,0.7299977716412527,0.2750724076426986,0.9924076674738124
29026,279.09615384615387,45.4791245,9.227022,7.398740000000001,Davide_Rigamonti,55,Stem,3.615628655897687,-1.6944345070752622,-8.305598314389997,-2.5580433226069568,49.42878736759375,-19.29329179797291,1,1.6503981895055189,1.3448361694698878,0.0989576565666254
29125,280.0480769230769,45.47916179999999,9.227053,13.747395999999998,Davide_Rigamonti,55,Stem,1.5351999560124048,-1.0732627747879828,-12.12255954279767,-11.667360253949704,4.8615122742084536,11.012382680729246,1,-0.4296088033775409,-0.2366799909316328,-1.2558253847265934
29222,280.9807692307692,45.4791795,9.2270967,13.469596,Davide_Rigamonti,55,Stem,0.7041109608762877,-0.957489730050402,-10.658482966399088,1.453909638744208,1.5336433156145075,21.93066018484529,1,1.4968707196169624,0.0329710033681076,-0.6393207046000011
29319,281.91346153846155,45.4791982,9.2271578,18.236644,Davide_Rigamonti,55,Stem,-1.1030478343526908,-0.3508550404002237,-10.717676295352447,-7.9858464266214115,-6.406239771031967,8.101626787948376,1,-1.5331801725533405,-1.0795866153077625,-3.483069462781737
29417,282.8557692307692,45.4792135,9.2272423,21.951756,Davide_Rigamonti,55,Stem,-1.724726752843365,1.01849037278985,-9.453212239778988,0.6876516204137122,-4.264528999592928,24.81652477865096,1,-1.40635513137252,0.171338190767237,-0.5898979403181688
29516,283.8076923076923,45.4792215,9.2273225,22.52958,Davide_Rigamonti,55,Stem,-0.8291188789599816,-0.0117101861346179,-8.588197549866544,-1.1512677972168517,-1.5340211577913887,0.9326065567978246,1,-1.0463444324737643,0.0330512571833775,-0.5989206364278914
29809,286.625,45.4792302,9.227575,22.935168,Davide_Rigamonti,55,Stem,-0.6200678973282819,0.0890440549771431,-8.736164012810733,4.508580614807476,-0.4747130308442573,5.3212692505529455,1,-0.4171946520278472,0.0425542654829069,0.3796391317619943
29908,287.57692307692315,45.479235,9.2276587,23.046288000000004,Davide_Rigamonti,55,Stem,-0.3569433774803945,0.1231716374350271,-9.1052267913233,-7.528360633429358,-2.6906650252714504,-6.817424688045818,1,-0.6520694774581631,-0.3082487576702646,-1.0873765279364598
30004,288.5,45.479244,9.2277375,22.462908,Davide_Rigamonti,55,Stem,0.1783352825393915,1.0709732435054329,-9.237576299583877,3.4037633728704626,-0.549970683436031,-7.817574351044098,1,-0.2921693247542003,-0.0120768031479068,-0.8602958323838941
30102,289.4423076923077,45.4792482,9.227816,22.120288,Davide_Rigamonti,55,Stem,1.2250509337456628,0.4460199290900347,-10.085701816061617,-0.4248694345445454,-0.9404880657270848,-11.1516381731632,1,0.9459219513062346,1.216065260700489,1.833243376262656
30200,290.38461538461536,45.4792525,9.227898800000002,23.562996,Davide_Rigamonti,55,Stem,2.009280788015686,0.2651402711782828,-5.780364716628419,-1.2982113941916564,-3.1176029111691594,-1.4670916466805162,1,1.0574030769169152,0.4411559242989643,1.949323387142762
30395,292.25961538461536,45.4792562,9.2280712,23.774124,Davide_Rigamonti,55,Stem,0.0256244545937616,-1.646171625277706,-9.19311284775539,-4.193153211191516,-2.480466402201224,-0.3506952359305471,1,0.338806871476513,-0.1977887259884976,-0.4101352511753866
30590,294.13461538461536,45.4792658,9.2282455,23.748196000000004,Davide_Rigamonti,55,Stem,2.9326553140425182,0.4582642824993729,-9.308646633606728,-6.4718188607247855,-2.2025327695634367,-3.513347903488932,1,2.5020873758080837,0.1128631026493308,2.201673288550216
30884,296.96153846153845,45.4792622,9.2285215,23.870428000000004,Davide_Rigamonti,55,Stem,-0.8752257285211213,-0.3257138180315657,-9.845022047623168,-0.7062140810669506,-3.4391874948992296,1.1332622356342048,1,0.3942139249609437,0.2151451444172208,1.4195336195024222
31372,301.65384615384613,45.4792673,9.2289507,25.142752,Davide_Rigamonti,55,Stem,-0.0293614527373427,-0.0726788710379992,-8.650951800916049,5.052420990401194,-1.1151219195079594,-5.155748633394912,1,-1.52408829504389,0.0395991562416895,0.5928978048386337
31471,302.6057692307692,45.47926320000001,9.229038,24.063036,Davide_Rigamonti,55,Stem,-1.5842128869324847,-0.8853990960321156,-9.927549461660863,-23.66499590720033,-2.727745241130864,-13.856234613529956,1,-1.1037682470696513,0.0830625293002739,-0.3502922278251557
31764,305.42307692307685,45.479246,9.2292868,21.107244,Davide_Rigamonti,55,Stem,0.5603047659367648,-0.2310051502306083,-10.619515654068913,8.81118524496954,-2.324823004908464,6.33774837832366,1,1.1850995564818096,-0.0758832108296838,0.9591962427354676
31862,306.36538461538464,45.479245,9.2293707,23.33890400000001,Davide_Rigamonti,55,Stem,-1.0143358054814748,0.8277972054380464,-9.683210281131965,7.772371806659198,-3.177842116658085,-1.619316882021188,1,-0.0154160943376779,0.3112331580908403,-0.5755739808922549
32155,309.1826923076923,45.479247,9.2296067,19.870108,Davide_Rigamonti,55,Stem,0.2234522669251079,0.0404325818996921,-10.229320087576708,-4.634350618202063,-1.6889100571814195,-4.585360579764512,1,-0.2280577190640147,-0.0463039886612158,-1.4061253792499588
32351,311.0673076923077,45.47925220000001,9.229740800000002,16.564287999999998,Davide_Rigamonti,55,Stem,-1.0894792042219916,-0.5367324594091402,-8.0941925129674,-0.027550633531427,-4.003751409274623,-5.37902395918628,1,0.1915292451737642,0.1114371906882778,1.6136445854843515
32449,312.00961538461536,45.479251700000006,9.2298005,15.204920000000005,Davide_Rigamonti,55,Stem,-1.4964324499812969,0.8592227019971234,-11.60369459555887,10.611667143408102,-2.6210004480835565,51.57742348218832,1,-0.5257804114786044,-0.1006425026581288,-1.008598471507927
32548,312.96153846153845,45.4792412,9.2298498,13.769620000000002,Davide_Rigamonti,55,Stem,3.7170127555546735,0.648599870774803,-2.1853291816557494,-9.7232736145118,5.338192752240985,5.63127861892917,1,2.195568168600334,0.0560391397183028,5.633778581810954
32644,313.88461538461536,45.4792117,9.2298863,15.5568,Davide_Rigamonti,55,Stem,-0.3827443625157793,-0.6202158244622632,-4.469032514767652,-3.2165435268579303,-5.54056164229119,-18.61103925775492,1,-2.214469381226093,0.560590718595472,4.906141792172432
32742,314.82692307692315,45.479172,9.229922300000002,16.114252,Davide_Rigamonti,55,Stem,2.847515867372844,0.3060496887492575,-6.76177540765671,8.434364787182615,7.125351815141142,17.371617142566404,1,2.3410097037451028,1.2195072656727692,1.1374257478248069
32841,315.77884615384613,45.4791243,9.229943,18.358876,Davide_Rigamonti,55,Stem,7.838374932649758,-2.495846731119435,-3.593045750130828,-11.089333892000706,14.03181641793365,-8.624821075831285,1,0.4809088689918557,-1.5310901392631426,5.830799005359077
32939,316.72115384615387,45.4790742,9.229954,19.873812,Davide_Rigamonti,55,Stem,-5.015069726765802,-3.621494122679058,-17.848195372653088,-18.90162758209661,-17.39427041655393,-41.58518928752395,1,-8.07786905710026,-0.6039311762605899,-13.460087729481067
33036,317.65384615384613,45.4790232,9.2299622,20.609056,Davide_Rigamonti,55,Stem,6.939888433424886,-1.0117963858254904,4.3950054441050215,-3.401837707350432,52.29318358572488,-36.06927900287744,1,-3.2052497286249118,0.9979183511560136,-1.9609747943831708
33134,318.59615384615387,45.4789745,9.2299628,18.78854,Davide_Rigamonti,55,Stem,-0.8010929256793248,0.2695110389960341,-8.869180775792227,-6.108971398501788,-2.185412766701681,0.0067660840672321,1,5.9421028094811525,-0.9727425771573078,11.421226560539866
33230,319.51923076923083,45.4789255,9.2299685,19.84418,Davide_Rigamonti,55,Stem,-0.2910103747399246,0.8593298308351517,1.6388509980254375,-10.09061806051318,-14.881692961385143,-19.977473030763186,1,0.1630275984253114,0.6138854096478537,5.745687868501872
33329,320.47115384615387,45.4788727,9.2299685,19.786768,Davide_Rigamonti,55,Stem,0.3098457657006336,1.625834569760134,-10.192643330540154,6.814776986135267,-4.576497833344279,1.9417546338733964,1,-0.7968037566944296,0.3860509664620455,-0.0916434865637576
33524,322.34615384615387,45.4787927,9.2299935,14.247436,Davide_Rigamonti,55,Stem,-0.8014019852724679,-0.8517156856637965,-8.593924227509905,0.2664476715595816,-2.753860101391689,-8.300192814113437,1,0.4547129606791389,-0.5120071967618709,0.7511289294607781
33721,324.24038461538464,45.478725,9.2300022,11.863912,Davide_Rigamonti,55,Stem,1.0012648697990667,-0.0190660468135902,-9.869260735921566,1.6299877873413218,-0.910633227712542,3.67921758209748,1,2.5438491871294464,-0.2034039307142982,0.7190662561493717
34114,328.01923076923083,45.4786225,9.2299858,5.717124,Davide_Rigamonti,55,Stem,1.0056021344516377,-1.152750586716257,-11.910718467811794,-0.3432990940813729,-5.916351614797224,-33.47470863274972,1,-0.919131524325894,0.1853609366380895,-3.4071154856632617
34210,328.9423076923077,45.478607200000006,9.2299853,5.761572000000001,Davide_Rigamonti,55,Stem,-3.77910206586515,0.9420374594550328,-14.843942733545028,13.571926750799951,-5.640746963307596,19.58314432694585,1,-3.402438985190043,-0.5229557218428178,-6.477628027122457
34309,329.89423076923083,45.47859320000001,9.2299875,3.115064,Davide_Rigamonti,55,Stem,-1.9661329815337063,-1.2016629719149656,-10.954170863287125,-4.316010438771117,0.2718975452045806,-2.5334891965422663,1,0.2506463387490667,-0.132110438013101,0.2615647511021421
34506,331.78846153846155,45.4785805,9.229984,0.3352120000000001,Davide_Rigamonti,55,Stem,0.1719513717694338,-2.4097299261285072,-9.719014400880068,-0.8768490047100981,-1.7297392338318427,-8.166883850859653,1,0.0075195201911146,-0.0438671151889007,-0.0068134630867415
34701,333.66346153846155,45.4785742,9.2299775,0.153716,Davide_Rigamonti,55,Stem,0.0106662428325113,0.0605282764232006,-9.859912022650322,2.37661234564574,-1.9731189774647468,4.539333941998812,1,0.0227013237449895,-0.0452209468853826,0.0156298677875081
34896,335.53846153846155,45.4785685,9.2299748,0.053708,Davide_Rigamonti,55,Stem,0.2834379284407483,-0.1929972582217176,-9.871738438356536,1.121889644816494,-1.5745701354363058,-1.0117200492045075,1,-0.0064460001978783,-0.0288438202727157,0.0084642180039526
35091,337.41346153846155,45.4785693,9.2299705,0.6963520000000001,Davide_Rigamonti,55,Stem,-0.6931339506555642,1.2412283462330875,-9.743230496665133,12.1730970597028,2.100443999673839,15.583717306790454,1,0.021244873101786,-0.1947017766069377,0.0935708670255923
35287,339.29807692307685,45.4785605,9.229970800000002,3.168772,Davide_Rigamonti,55,Stem,1.3086889440363387,-0.3347265013853861,-12.054970752262808,15.21622095322948,1.6203925341948808,-5.360097295913508,1,-0.9389661272270586,-0.5816730061410121,-1.9016680352940067
35484,341.1923076923077,45.4785347,9.229987800000002,6.941296,Davide_Rigamonti,55,Stem,0.4543647364123933,0.637190146303331,-10.068854199168817,-17.168884300845846,-8.77607736980656,-56.318630917498616,1,0.8619801151997992,-0.1448929522505215,0.8850878336836043
35581,342.125,45.4785193,9.2300078,9.211848000000002,Davide_Rigamonti,55,Stem,0.8072015848373787,1.272161356668168,-10.569309994341635,-10.632973394828538,-8.793835652264157,22.00079985986312,1,-0.2872796461246102,0.0448058055026399,-0.6138453980594125
35679,343.0673076923077,45.478512,9.230038699999998,10.310084000000002,Davide_Rigamonti,55,Stem,-1.346084605887493,-1.3166943724297595,-11.23597111203113,6.902140105737519,11.908332264248507,-27.94808143526127,1,-0.407516622165285,-0.5646896455375529,-1.5204917361246262
35776,344.0,45.478512,9.230069300000002,8.174728,Davide_Rigamonti,55,Stem,0.9190422502168168,-0.3325586171873692,-12.617123905214616,23.584040722230505,-31.7056448927122,0.3251981559896953,1,1.4500262287458243,-0.1936294598614046,-1.0707009571580688
35874,344.9423076923077,45.478516,9.230116,12.665828,Davide_Rigamonti,55,Stem,-0.2787634462549689,0.343990835643123,-12.082758058552196,12.200177713566234,0.902664373490648,3.37924678240602,1,0.2214851001518828,-0.5803424816242906,-0.7137534587099541
35972,345.8846153846154,45.478523,9.230166699999998,14.22336,Davide_Rigamonti,55,Stem,-5.631658003900124,-1.3001858981233525,-9.239954757813662,-20.304359453604743,-25.110365655903312,-40.16406722778429,1,-2.010653444966468,0.5925628856488063,-7.525251543481768
36460,350.57692307692315,45.4785485,9.2305118,20.614612,Davide_Rigamonti,55,Stem,0.3612271409277262,-0.4009639798465101,-7.579290440638963,-6.900838444757789,-3.446920271666688,-6.559389538817585,1,0.4576740416897819,0.0585224496043564,2.9019238493842296
36559,351.52884615384613,45.4785448,9.2305885,21.773964000000007,Davide_Rigamonti,55,Stem,-1.4022586676485211,-1.6223205919392525,-14.360692893783192,0.6348973244997902,-1.789330847619616,-4.738343116446703,1,-3.5195026122774293,0.3494165070124251,-1.147530414592934
36753,353.39423076923083,45.478541,9.2307537,23.425948,Davide_Rigamonti,55,Stem,1.390350334264237,0.4908173718264374,-10.019011346835589,7.394197049891449,-0.8656016786504859,-28.25405705477816,1,1.6971882508176948,-0.306194636692727,2.21136923000686
36950,355.28846153846155,45.478534,9.2309202,23.438912,Davide_Rigamonti,55,Stem,-0.7710777231780037,-2.3734208593446047,-14.743516362657347,-2.2894800049046617,-5.632182856859718,2.201418534276112,1,0.063319361601536,0.0837316504762695,-2.4214606036691086
37146,357.17307692307685,45.47853170000001,9.2310928,23.63152,Davide_Rigamonti,55,Stem,2.53611924450278,-0.8966292417040811,-6.917333880657147,3.352217411121132,-6.74771897589171,-23.679478292370767,1,-0.0724578979771037,0.4486075879216922,2.3778032595649248
37342,359.0576923076923,45.478533,9.2312505,20.622020000000006,Davide_Rigamonti,55,Stem,-2.128111935876674,0.5432824788201953,-12.599313638973674,4.0304909092420615,-3.816824484595872,-0.8746752970384772,1,-5.753690335927692,-1.1775125375722075,-4.831911479373263
37537,360.9326923076923,45.4785287,9.2313912,19.108936,Davide_Rigamonti,55,Stem,4.854393137754388,1.0502636290808065,-5.7900101564229,-2.1334667495185284,-2.7486300169587627,18.77034722675468,1,6.070375304680683,0.5067143368323489,5.701531562888245
37636,361.8846153846154,45.4785292,9.2314578,18.90892,Davide_Rigamonti,55,Stem,3.5860121009111467,1.6524956116069152,-9.537979473436833,6.778806447324527,1.7865579998959666,-11.674503468707483,1,1.0677637481934066,0.9110887464091078,0.3881502405383603
37732,362.8076923076923,45.4785348,9.231539,22.39068,Davide_Rigamonti,55,Stem,-0.3711063491582151,0.2583121203999762,-8.353102300291415,-5.622977944183393,-5.45741864710975,-3.107434239862948,1,-0.8538386352794414,0.3425418602863246,0.7652598109001278
37929,364.7019230769232,45.47855,9.2317002,23.303716,Davide_Rigamonti,55,Stem,-2.6067125008183063,-1.0563853635673848,-8.83799543069131,-5.95623481338053,-4.490605043461669,-6.7161966971367,1,-1.0934782363411892,-0.7099579419534591,-2.6914114586963653
38026,365.6346153846154,45.4785595,9.231781800000002,22.790712,Davide_Rigamonti,55,Stem,-2.818299078088082,-0.908449877400656,-12.928872873591413,-4.235455740339568,-2.1883136831683165,8.323505567790914,1,-1.0991359026867495,0.1186374375464749,-2.9680314744802927
38222,367.5192307692308,45.4785687,9.2319468,23.90006,Davide_Rigamonti,55,Stem,-2.763786915483069,0.5726444100599293,-12.193124755652327,9.898345305705703,-7.038888312875929,-22.359098478770672,1,-2.3520097404757125,-0.3883954961028265,-2.324013403580937
38516,370.3461538461538,45.4785882,9.232159199999998,14.549312,Davide_Rigamonti,55,Stem,0.0454169909550588,-0.5807945362059921,-9.256172020157637,5.829859197862687,-1.3824976109316731,11.725977128575884,1,-0.9981365725765984,-1.3201326805544171,-1.2401264419119666
38809,373.1634615384616,45.4785863,9.2322758,3.1817360000000003,Davide_Rigamonti,55,Stem,-0.34991723002923,-0.0022999502745133,-10.099374534216803,-7.39049864043911,-0.2608115244528477,-12.878414418253689,1,0.0570367791309959,0.1475338612378219,-0.120479545038389
38908,374.1153846153846,45.478582,9.2322825,0.33336,Davide_Rigamonti,55,Stem,0.0012064260868277,0.1463913954343689,-9.927086351065691,-0.3503413508821387,-3.4936348160624062,-0.8606222223027773,1,-0.0262159462140404,-0.0770755669244458,-0.1109934585548444
39004,375.0384615384616,45.47857929999999,9.2322832,0.144456,Davide_Rigamonti,55,Stem,-0.3578266268215694,1.2091168793309004,-9.699338266472514,7.619827223992425,-1.5421952229028577,4.937038422551184,1,-0.0632113219241833,0.1600591801920459,0.0281623046368917
39103,375.9903846153846,45.4785755,9.2322903,0.061116,Davide_Rigamonti,55,Stem,-0.0232801246431749,0.346128742754548,-9.904395583531542,-4.633019951771584,-2.4415823833021584,-1.0522502879060482,1,-0.0298300206090534,0.0311801720947856,-0.0057064980698093
39200,376.9230769230769,45.4785742,9.2322992,0.257428,Davide_Rigamonti,55,Stem,-0.0283799623611006,0.0848696322296069,-9.892861324189983,-1.5978473407663172,-2.1648195878704097,-1.1269871707362276,1,0.0134460273049859,0.0388299274609239,0.003661336978066
39388,378.7307692307692,45.47857020000001,9.232303,0.5463399999999999,Davide_Rigamonti,55,Stem,-0.0680179469858043,0.1502528197285906,-9.847438628346795,0.5052489463291501,-2.4775141628284065,-1.3319860213581949,1,-0.0574331148302369,0.0742928926502823,0.0866450526632114
